1.82648 -0.01194 1.10791
1.82664 -0.03895 1.10515
1.81911 -0.04857 1.10720
1.82488 -0.05832 1.10485
1.82547 -0.05932 1.10513
1.82185 -0.07548 1.09997
1.82290 -0.07797 1.10026
1.81637 -0.10567 1.08556
1.81538 -0.11182 1.08575
1.81785 -0.10182 1.09263
1.80615 -0.14157 1.06507
1.79803 -0.15613 1.04524
1.79736 -0.15662 1.04629
1.79800 -0.15673 1.04707
1.80147 -0.15110 1.05483
1.78915 -0.17202 1.02891
1.77832 -0.18447 1.00146
1.75994 -0.19310 0.96306
1.76119 -0.19328 0.96747
1.74973 -0.19466 0.94123
1.73639 -0.18489 0.89969
1.72939 -0.17944 0.89143
1.73175 -0.18421 0.89764
1.72736 -0.17899 0.87764
1.72278 -0.17426 0.87266
1.72312 -0.17636 0.87868
1.70719 -0.14754 0.84381
1.70691 -0.14179 0.83648
1.71429 -0.15608 0.84360
1.71204 -0.15736 0.84495
1.70453 -0.14149 0.83350
1.69481 -0.10936 0.80880
1.68670 0.01004 0.78674
1.69373 0.05520 0.79731
1.69791 0.07379 0.80569
1.70152 0.08403 0.81226
1.70691 0.10288 0.82451
1.70920 0.10771 0.82925
1.71387 0.11923 0.84088
1.71684 0.12474 0.84841
1.72042 0.13196 0.85689
1.72364 0.13576 0.86493
1.72837 0.14217 0.87445
1.72975 0.14356 0.87804
1.72924 0.14413 0.87833
