1.75659 0.15583 0.94769
1.76351 0.15427 0.96096
1.76803 0.15292 0.97100
1.77182 0.15020 0.98096
1.77600 0.14795 0.99062
1.78011 0.14478 1.00038
1.78389 0.13992 1.00985
1.78846 0.13572 1.01798
1.79194 0.13044 1.02705
1.79465 0.12382 1.03434
1.79812 0.11752 1.04266
1.80148 0.11011 1.05030
1.80444 0.10459 1.05747
1.80753 0.09652 1.06434
1.81021 0.08789 1.07078
1.81204 0.07902 1.07708
1.81403 0.07091 1.08133
1.81594 0.06165 1.08693
1.81837 0.05160 1.09104
1.81974 0.04291 1.09416
1.82132 0.03269 1.09808
1.82264 0.02209 1.10091
1.82354 0.01141 1.10340