1.77532 0.15562 0.92097
1.78262 0.15544 0.91712
1.78994 0.15532 0.91378
1.79713 0.15508 0.90962
1.80440 0.15493 0.90609
1.81148 0.15459 0.90225
1.81885 0.15453 0.89830
1.82642 0.15466 0.89402
1.83334 0.15425 0.89014
1.84107 0.15455 0.88544
1.84858 0.15470 0.88062
1.85579 0.15460 0.87561
1.86330 0.15479 0.87111
1.87154 0.15490 0.86585
1.88066 0.15465 0.86004
1.89051 0.15526 0.85335
1.89957 0.15515 0.84760
1.90951 0.15521 0.84133
1.92000 0.15585 0.83450
1.92988 0.15646 0.82766
1.93942 0.15665 0.82156
1.94904 0.15639 0.81553
1.95979 0.15715 0.80841
1.96976 0.15783 0.80079
1.97907 0.15779 0.79432
1.98910 0.15794 0.78797
1.99915 0.15800 0.78168
2.00953 0.15861 0.77474
2.01892 0.15864 0.76874
2.02932 0.15901 0.76275
2.03864 0.15855 0.75674
2.04863 0.15858 0.75056
2.05878 0.15869 0.74458
2.06874 0.15852 0.73894
2.07819 0.15797 0.73320
2.08890 0.15836 0.72756
2.09920 0.15832 0.72196
2.10890 0.15781 0.71700
2.11872 0.15736 0.71183
2.12881 0.15708 0.70669
2.13952 0.15728 0.70130
2.14949 0.15691 0.69625
2.15988 0.15677 0.69154
2.17095 0.15712 0.68672
2.18152 0.15720 0.68156
2.19285 0.15699 0.67690
2.20230 0.15656 0.67308
2.21086 0.15624 0.67001
2.21900 0.15643 0.66684
2.22650 0.15628 0.66430
2.23566 0.15611 0.66116
2.24574 0.15642 0.65765
2.25446 0.15627 0.65513
2.26027 0.15606 0.65273
2.26356 0.15614 0.65159
2.26670 0.15614 0.65031
2.26883 0.15584 0.64957
2.27017 0.15584 0.64877
2.27184 0.15602 0.64810
2.27331 0.15600 0.64751
2.27473 0.15597 0.64719
2.27595 0.15595 0.64674
2.27722 0.15602 0.64651
2.27831 0.15596 0.64614
2.27926 0.15586 0.64563
2.28035 0.15574 0.64526
2.28167 0.15543 0.64487
2.28360 0.15555 0.64438
2.28556 0.15569 0.64365
2.28740 0.15561 0.64281
2.28978 0.15567 0.64214
2.29224 0.15577 0.64170
2.29494 0.15588 0.64115
2.29716 0.15564 0.64066
2.30003 0.15546 0.64015
2.30323 0.15535 0.63949
2.30891 0.15487 0.63828
2.31507 0.15469 0.63691
2.31629 0.15468 0.63643
2.31714 0.15473 0.63602
