1.65007 0.18665 0.91573
1.65559 0.18644 0.90993
1.66129 0.18614 0.90446
1.66700 0.18594 0.89882
1.67273 0.18547 0.89349
1.67875 0.18490 0.88865
1.68426 0.18418 0.88336
1.68975 0.18284 0.87892
1.69773 0.18237 0.87270
1.70397 0.18211 0.86779
1.71026 0.18163 0.86315
1.71686 0.18130 0.85888
1.72363 0.18037 0.85554
1.72957 0.17927 0.85121
1.73696 0.17889 0.84790
1.74413 0.17876 0.84431
1.76394 0.17671 0.83449
1.77082 0.17604 0.83109
1.77802 0.17579 0.82768
1.78471 0.17530 0.82568
1.79164 0.17463 0.82225
1.79837 0.17409 0.81985
1.80508 0.17335 0.81763
1.81206 0.17261 0.81487
1.81922 0.17238 0.81083
1.82646 0.17190 0.80873
1.83331 0.17121 0.80615
1.84082 0.17084 0.80402
1.84944 0.17106 0.80047