1.56512 -0.09401 0.88856
1.56733 -0.08391 0.88933
1.56783 -0.07557 0.88791
1.57078 -0.06646 0.88987
1.57191 -0.05769 0.89009
1.57280 -0.04874 0.89057
1.57394 -0.04023 0.88969
1.57431 -0.03137 0.88954
1.57569 -0.02308 0.88976
1.57685 -0.01435 0.88984
1.57752 -0.00552 0.88996
1.57827 0.00331 0.89000
1.57890 0.01214 0.88980
1.57992 0.02079 0.88990
1.57955 0.02963 0.88820
1.58096 0.03790 0.88846
1.58079 0.04671 0.88873
1.58122 0.05532 0.88792
1.58169 0.06403 0.88733
1.58167 0.07297 0.88696
1.58175 0.08185 0.88652
1.58191 0.09047 0.88553
1.58197 0.09938 0.88528
1.58182 0.10809 0.88388
1.58253 0.11647 0.88317
1.58198 0.12563 0.88302
1.58147 0.13421 0.88127
1.57989 0.14375 0.88129
1.58116 0.15309 0.88109
1.58795 0.16995 0.88370
