1.69096 -0.00568 0.78895
1.69194 0.00531 0.79136
1.69269 0.01744 0.79284
1.69316 0.02842 0.79446
1.69567 0.03853 0.79750
1.69698 0.04875 0.80177
1.69858 0.05852 0.80499
1.70045 0.06834 0.80990
1.70243 0.07723 0.81512
1.70495 0.08659 0.82061
1.70716 0.09475 0.82650
1.71026 0.10279 0.83300
1.71356 0.10948 0.84081
1.71667 0.11735 0.84839
1.71964 0.12335 0.85605
1.72344 0.12901 0.86463
1.72736 0.13323 0.87313
1.73117 0.13881 0.88226
1.73472 0.14303 0.89084
1.73878 0.14656 0.90051
1.74313 0.14996 0.90982
1.74767 0.15097 0.91849
1.75211 0.15276 0.92897