1.70585 0.16361 0.97119
1.71134 0.15041 0.96474
1.71249 0.13856 0.96688
1.71241 0.12585 0.96833
1.71256 0.11347 0.96909
1.71256 0.10080 0.97064
1.71260 0.08866 0.97109
1.71221 0.07508 0.97257
1.71178 0.06209 0.97343
1.71140 0.04917 0.97405
1.71057 0.03619 0.97428
1.70970 0.02349 0.97510
1.70911 0.01092 0.97495
1.70809 -0.00085 0.97490
1.70750 -0.01444 0.97546
1.70528 -0.02719 0.97472
1.70566 -0.04114 0.97514
1.70329 -0.05352 0.97540
1.70157 -0.06508 0.97383
1.69993 -0.07841 0.97406
1.69830 -0.09115 0.97395
1.69616 -0.10363 0.97230
1.69480 -0.11584 0.97213
1.69287 -0.12834 0.97049
1.69089 -0.13520 0.96946
1.68844 -0.14071 0.97329
