1.66910 -0.16690 0.89252
1.65657 -0.16655 0.90077
1.65589 -0.16622 0.90085
1.65855 -0.16697 0.89982
1.66230 -0.16672 0.89415
1.66490 -0.16697 0.89393
1.67038 -0.16683 0.89018
1.67577 -0.16705 0.88541
1.67963 -0.16785 0.88169
1.68580 -0.16871 0.87693
1.69164 -0.16895 0.87250
1.69773 -0.16921 0.86847
1.70404 -0.16940 0.86489
1.70921 -0.16960 0.86173
1.71563 -0.16988 0.85791
1.72214 -0.17063 0.85389
1.73034 -0.17182 0.85006
1.73713 -0.17240 0.84672
1.74378 -0.17279 0.84342
1.75063 -0.17338 0.84024
1.75839 -0.17393 0.83735
1.76531 -0.17436 0.83469
1.77291 -0.17490 0.83197
1.77928 -0.17561 0.82607
1.78655 -0.17651 0.82299
1.79337 -0.17689 0.81952
1.80051 -0.17723 0.81677
1.80782 -0.17775 0.81455