1.75806 -0.18743 0.95213
1.75686 -0.19145 0.93813
1.75471 -0.18641 0.93597
1.74799 -0.18654 0.92287
1.74383 -0.18381 0.91390
1.73932 -0.18274 0.90394
1.73691 -0.17901 0.89470
1.73348 -0.17387 0.88951
1.73056 -0.17079 0.88162
1.72456 -0.16643 0.86892
1.71638 -0.15368 0.85232
1.71454 -0.14769 0.84446
1.71098 -0.14002 0.83605
1.70914 -0.13222 0.83304
1.70432 -0.11566 0.81975
1.70243 -0.10995 0.81603
1.69786 -0.10018 0.80674
1.69672 -0.08518 0.80339
1.69630 -0.07867 0.80039
1.69502 -0.07135 0.79781
1.69220 -0.06077 0.79298
1.69245 -0.04448 0.79199
1.69151 -0.03758 0.79162
1.69158 -0.03250 0.79322
1.69154 -0.02147 0.78921
1.69049 -0.01039 0.78784