1.76351 -0.18737 0.92302
1.76798 -0.18707 0.92136
1.77053 -0.18694 0.91997
1.77309 -0.18681 0.91855
1.77937 -0.18645 0.91584
1.78355 -0.18644 0.91345
1.78584 -0.18621 0.91225
1.78825 -0.18606 0.91101
1.79135 -0.18618 0.91006
1.79414 -0.18627 0.90874
1.79681 -0.18639 0.90728
1.79952 -0.18642 0.90600
1.80218 -0.18648 0.90456
1.80462 -0.18637 0.90315
1.80721 -0.18638 0.90174
1.81013 -0.18662 0.90023
1.81283 -0.18656 0.89901
1.81544 -0.18662 0.89740
1.81800 -0.18663 0.89579
1.82065 -0.18658 0.89442
1.82347 -0.18664 0.89300
1.82616 -0.18671 0.89140
1.82879 -0.18671 0.88983
1.83159 -0.18667 0.88866
1.83415 -0.18668 0.88669
1.83696 -0.18677 0.88509
1.83984 -0.18686 0.88348
1.84238 -0.18668 0.88200
1.84511 -0.18671 0.88026
1.84816 -0.18695 0.87837
1.85082 -0.18677 0.87712
1.85379 -0.18687 0.87550
1.85681 -0.18709 0.87343
1.85978 -0.18724 0.87139
1.86279 -0.18736 0.86958
1.86586 -0.18756 0.86750
1.86878 -0.18758 0.86574
1.87190 -0.18772 0.86387
1.87460 -0.18753 0.86205
1.87749 -0.18745 0.86033
1.88458 -0.18776 0.85580
1.89603 -0.18826 0.84812
1.90761 -0.18861 0.84025
1.91921 -0.18902 0.83230
1.93089 -0.18950 0.82410
1.94270 -0.18995 0.81630
1.95423 -0.19024 0.80825
1.96627 -0.19079 0.80040
1.97796 -0.19103 0.79285
1.99001 -0.19152 0.78474
2.00212 -0.19205 0.77670
2.01384 -0.19205 0.76962
2.02560 -0.19212 0.76241
2.03764 -0.19222 0.75532
2.04990 -0.19280 0.74666
2.06170 -0.19276 0.73974
2.07379 -0.19278 0.73293
2.08491 -0.19247 0.72669
2.09815 -0.19316 0.71927
2.10952 -0.19276 0.71290
2.12122 -0.19243 0.70680
2.13473 -0.19277 0.70044
2.14646 -0.19258 0.69496
2.15905 -0.19249 0.68944
2.17207 -0.19282 0.68360
2.18463 -0.19279 0.67797
2.19730 -0.19283 0.67248
2.21055 -0.19288 0.66754
2.22369 -0.19269 0.66227
2.23702 -0.19264 0.65797
2.25010 -0.19303 0.65309
2.26395 -0.19301 0.64859
2.27675 -0.19334 0.64467
2.29164 -0.19359 0.64040
2.30046 -0.19346 0.63783
2.30691 -0.19346 0.63667
2.31079 -0.19318 0.63578
2.31412 -0.19285 0.63519
2.31931 -0.19306 0.63401
2.32581 -0.19333 0.63260
2.33161 -0.19325 0.63195
2.34357 -0.19388 0.62989
2.35586 -0.19387 0.62904
2.36794 -0.19367 0.62826
2.38074 -0.19398 0.62779
2.38918 -0.19437 0.62707
2.39325 -0.19422 0.62655
2.39490 -0.19414 0.62624
2.39669 -0.19412 0.62586
