1.82517 0.00370 1.10144
1.82480 -0.00926 1.10073
1.82559 -0.02528 1.10224
1.82530 -0.04009 1.10058
1.82447 -0.04797 1.09740
1.82438 -0.05678 1.09782
1.82129 -0.07349 1.09347
1.82032 -0.08079 1.08898
1.81739 -0.09116 1.08727
1.81620 -0.10110 1.08142
1.81352 -0.10776 1.07555
1.81244 -0.11667 1.07236
1.80954 -0.12274 1.06572
1.80659 -0.13213 1.06056
1.80467 -0.13803 1.05317
1.80066 -0.14540 1.04808
1.79724 -0.15557 1.03773
1.79464 -0.15719 1.03009
1.79052 -0.16714 1.02078
1.78779 -0.16817 1.01352
1.78413 -0.17446 1.00545
1.78038 -0.17565 0.99651
