0.00000 0.00000 0.00000 15.00004 13.00041 63.02536
-0.02683 0.07542 -0.16636 17.15449 13.38968 60.92470
-0.05549 0.15544 -0.32510 19.14309 13.80537 59.00795
-0.08506 0.23907 -0.47951 21.02856 14.23575 57.19685
-0.11552 0.32638 -0.62949 22.81614 14.68023 55.48623
-0.14686 0.41743 -0.77504 24.51122 15.13782 53.87062
-0.17903 0.51221 -0.91610 26.11931 15.60755 52.34462
-0.21202 0.61076 -1.05259 27.64576 16.08854 50.90288
-0.24579 0.71308 -1.18449 29.09573 16.58004 49.54024
-0.28031 0.81922 -1.31173 30.47418 17.08123 48.25178
-0.31555 0.92921 -1.43428 31.78583 17.59142 47.03276
-0.35147 1.04306 -1.55213 33.03510 18.10999 45.87880
-0.38804 1.16079 -1.66520 34.22621 18.63632 44.78569
-0.42524 1.28242 -1.77347 35.36305 19.16992 43.74953
-0.46304 1.40798 -1.87689 36.44930 19.71030 42.76665
-0.50139 1.53750 -1.97541 37.48834 20.25698 41.83367
-0.54028 1.67100 -2.06899 38.48337 20.80954 40.94743
-0.57965 1.80848 -2.15758 39.43736 21.36759 40.10495
-0.61948 1.94999 -2.24114 40.35304 21.93077 39.30351
-0.65973 2.09552 -2.31963 41.23294 22.49872 38.54058
-0.70037 2.24511 -2.39298 42.07945 23.07112 37.81377
-0.74136 2.39877 -2.46117 42.89476 23.64768 37.12091
-0.78267 2.55649 -2.52417 43.68089 24.22811 36.45998
-0.82425 2.71832 -2.58191 44.43973 24.81215 35.82909
-0.86609 2.88425 -2.63437 45.17305 25.39954 35.22646
-0.90812 3.05431 -2.68147 45.88247 25.99005 34.65048
-0.95034 3.22851 -2.72319 46.56948 26.58344 34.09962
-0.99269 3.40682 -2.75950 47.23552 27.17948 33.57249
-1.03514 3.58928 -2.79035 47.88189 27.77800 33.06780
-1.07765 3.77591 -2.81568 48.50981 28.37878 32.58428
-1.12017 3.96670 -2.83547 49.12041 28.98164 32.12083
-1.16268 4.16167 -2.84967 49.71475 29.58639 31.67634
-1.20514 4.36083 -2.85823 50.29382 30.19287 31.24984
-1.24750 4.56417 -2.86113 50.85852 30.80091 30.84041
-1.28974 4.77170 -2.85831 51.40972 31.41035 30.44717
-1.33182 4.98340 -2.84974 51.94825 32.02105 30.06928
-1.37369 5.19931 -2.83538 52.47483 32.63284 29.70601
-1.41532 5.41939 -2.81521 52.99017 33.24558 29.35662
-1.45668 5.64367 -2.78917 53.49493 33.85913 29.02045
-1.49773 5.87212 -2.75724 53.98972 34.47336 28.69686
-1.53842 6.10476 -2.71936 54.47512 35.08812 28.38524
-1.57874 6.34155 -2.67552 54.95170 35.70330 28.08502
-1.61860 6.58253 -2.62566 55.41995 36.31880 27.79568
-1.65800 6.82765 -2.56978 55.88034 36.93447 27.51672
-1.69691 7.07694 -2.50782 56.33332 37.55020 27.24765
-1.73530 7.33037 -2.43976 56.77932 38.16585 26.98803
-1.77312 7.58791 -2.36558 57.21872 38.78132 26.73745
-1.81035 7.84958 -2.28522 57.65192 39.39649 26.49547
-1.84698 8.11536 -2.19866 58.07925 40.01129 26.26172
-1.88296 8.38521 -2.10589 58.50104 40.62558 26.03585
-1.91824 8.65915 -2.00686 58.91758 41.23926 25.81749
-1.95280 8.93714 -1.90156 59.32919 41.85225 25.60632
-1.98660 9.21917 -1.78994 59.73614 42.46442 25.40202
-2.01961 9.50523 -1.67199 60.13870 43.07570 25.20429
-2.05181 9.79528 -1.54769 60.53710 43.68598 25.01284
-2.08316 10.08932 -1.41700 60.93157 44.29518 24.82740
-2.11364 10.38733 -1.27990 61.32234 44.90323 24.64769
-2.14321 10.68928 -1.13638 61.70961 45.51001 24.47346
-2.17185 10.99514 -0.98641 62.09356 46.11546 24.30448
-2.19954 11.30490 -0.82996 62.47437 46.71950 24.14051
-2.22624 11.61854 -0.66703 62.85221 47.32205 23.98134
-2.25193 11.93603 -0.49758 63.22724 47.92303 23.82673
-2.27659 12.25734 -0.32159 63.59961 48.52238 23.67647
-2.30019 12.58246 -0.13906 63.96945 49.12001 23.53039
-2.32271 12.91136 0.05005 64.33691 49.71587 23.38826
-2.34413 13.24399 0.24572 64.70209 50.30988 23.24992
-2.36442 13.58036 0.44802 65.06511 50.90199 23.11518
-2.38357 13.92044 0.65694 65.42608 51.49213 22.98387
-2.40156 14.26417 0.87249 65.78510 52.08025 22.85580
-2.41836 14.61156 1.09468 66.14225 52.66629 22.73085
-2.43397 14.96257 1.32355 66.49763 53.25020 22.60881
-2.44835 15.31718 1.55909 66.85131 53.83192 22.48957
-2.46150 15.67535 1.80135 67.20336 54.41140 22.37294
-2.47340 16.03707 2.05029 67.55385 54.98861 22.25882
-2.48404 16.40230 2.30598 67.90285 55.56349 22.14702
-2.49340 16.77103 2.56840 68.25040 56.13601 22.03743
-2.50147 17.14322 2.83757 68.59657 56.70612 21.92991
-2.50824 17.51885 3.11351 68.94139 57.27380 21.82433
-2.51369 17.89789 3.39623 69.28490 57.83899 21.72055
-2.51781 18.28033 3.68575 69.62715 58.40166 21.61846
-2.52059 18.66613 3.98209 69.96818 58.96176 21.51792
-2.52203 19.05527 4.28523 70.30799 59.51931 21.41883
-2.52212 19.44776 4.59525 70.64663 60.07426 21.32105
-2.52086 19.84353 4.91211 70.98410 60.62658 21.22449
-2.51823 20.24259 5.23583 71.32044 61.17628 21.12902
-2.51423 20.64491 5.56646 71.65565 61.72332 21.03452
-2.50886 21.05048 5.90399 71.98974 62.26769 20.94090
-2.50212 21.45928 6.24847 72.32273 62.80937 20.84804
-2.49399 21.87129 6.59988 72.65460 63.34835 20.75584
-2.48449 22.28650 6.95827 72.98539 63.88462 20.66419
-2.47360 22.70490 7.32366 73.31506 64.41818 20.57298
-2.46133 23.12647 7.69607 73.64363 64.94901 20.48213
-2.44768 23.55120 8.07551 73.97108 65.47711 20.39152
-2.43265 23.97909 8.46203 74.29740 66.00248 20.30106
-2.41623 24.41012 8.85565 74.62260 66.52511 20.21064
-2.39844 24.84430 9.25641 74.94664 67.04501 20.12015
-2.37927 25.28162 9.66434 75.26952 67.56218 20.02953
-2.35874 25.72208 10.07946 75.59121 68.07663 19.93866
-2.33683 26.16568 10.50183 75.91171 68.58836 19.84744
-2.31356 26.61241 10.93147 76.23097 69.09739 19.75578
-2.28894 27.06230 11.36845 76.54898 69.60371 19.66358
-2.26297 27.51534 11.81280 76.86572 70.10734 19.57075
-2.23565 27.97155 12.26459 77.18116 70.60830 19.47717
-2.20700 28.43093 12.72383 77.49525 71.10660 19.38277
-2.17702 28.89352 13.19063 77.80799 71.60225 19.28744
-2.14572 29.35932 13.66501 78.11933 72.09527 19.19109
-2.11311 29.82836 14.14707 78.42923 72.58569 19.09362
-2.07920 30.30067 14.63688 78.73767 73.07351 18.99490
-2.04399 30.77626 15.13449 79.04460 73.55877 18.89488
-2.00751 31.25518 15.64001 79.34998 74.04149 18.79342
-1.96975 31.73746 16.15353 79.65378 74.52168 18.69042
-1.93073 32.22314 16.67511 79.95595 74.99939 18.58580
-1.89047 32.71228 17.20490 80.25645 75.47462 18.47942
-1.84897 33.20492 17.74298 80.55523 75.94742 18.37121
-1.80624 33.70110 18.28947 80.85224 76.41780 18.26102
-1.76231 34.20090 18.84450 81.14745 76.88581 18.14875
-1.71718 34.70439 19.40821 81.44078 77.35146 18.03427
-1.67086 35.21162 19.98073 81.73221 77.81480 17.91747
-1.62337 35.72269 20.56223 82.02167 78.27585 17.79822
-1.57473 36.23766 21.15286 82.30910 78.73466 17.67640
-1.52494 36.75664 21.75280 82.59446 79.19125 17.55186
-1.47402 37.27973 22.36225 82.87768 79.64566 17.42446
-1.42199 37.80704 22.98143 83.15870 80.09793 17.29406
-1.36886 38.33868 23.61055 83.43746 80.54810 17.16050
-1.31465 38.87477 24.24982 83.71390 80.99620 17.02363
-1.25937 39.41545 24.89952 83.98794 81.44228 16.88329
-1.20304 39.96089 25.55994 84.25953 81.88639 16.73930
-1.14567 40.51122 26.23135 84.52858 82.32855 16.59146
-1.08728 41.06663 26.91409 84.79502 82.76882 16.43960
-1.02789 41.62731 27.60849 85.05878 83.20724 16.28350
-0.96750 42.19346 28.31496 85.31977 83.64385 16.12293
-0.90614 42.76532 29.03389 85.57790 84.07870 15.95768
-0.84383 43.34310 29.76571 85.83310 84.51184 15.78748
-0.78058 43.92708 30.51091 86.08526 84.94332 15.61209
-0.71640 44.51755 31.27003 86.33429 85.37319 15.43120
-0.65132 45.11483 32.04362 86.58009 85.80150 15.24452
-0.58534 45.71924 32.83233 86.82253 86.22830 15.05171
-0.51849 46.33119 33.63683 87.06152 86.65365 14.85241
-0.45079 46.95107 34.45788 87.29692 87.07760 14.64623
-0.38224 47.57936 35.29635 87.52861 87.50021 14.43273
-0.31287 48.21653 36.15309 87.75643 87.92155 14.21147
-0.24269 48.86319 37.02920 87.98024 88.34167 13.98190
-0.17173 49.51993 37.92578 88.19988 88.76062 13.74349
-0.09999 50.18746 38.84410 88.41516 89.17848 13.49560
-0.02750 50.86658 39.78563 88.62589 89.59532 13.23751
-0.02750 50.86658 39.78563 88.62589 89.59532 13.23751
-0.02750 50.86658 39.78563 88.62589 89.59532 13.23751
-0.02750 50.86658 39.78563 88.62589 89.59532 13.23751
0.08496 49.54758 37.61799 88.26222 87.80262 14.13009
0.08496 49.54758 37.61799 88.26222 87.80262 14.13009
0.08496 49.54758 37.61799 88.26222 87.80262 14.13009
0.21701 48.32649 35.63241 87.81643 86.00094 14.95614
0.21701 48.32649 35.63241 87.81643 86.00094 14.95614
0.31640 47.55865 34.39473 87.47782 84.79603 15.48112
0.31640 47.55865 34.39473 87.47782 84.79603 15.48112
0.41826 46.79669 33.16790 87.13191 83.58966 16.00545
0.41826 46.79669 33.16790 87.13191 83.58966 16.00545
0.52626 46.05742 31.98311 86.76467 82.38122 16.51917
0.52626 46.05742 31.98311 86.76467 82.38122 16.51917
0.64043 45.33927 30.83727 86.37687 81.17107 17.02466
0.64043 45.33927 30.83727 86.37687 81.17107 17.02466
0.76077 44.64133 29.72856 85.96896 79.95950 17.52346
0.76077 44.64133 29.72856 85.96896 79.95950 17.52346
0.88727 43.96281 28.65534 85.54134 78.74680 18.01706
0.88727 43.96281 28.65534 85.54134 78.74680 18.01706
1.01991 43.30303 27.61623 85.09431 77.53327 18.50683
1.01991 43.30303 27.61623 85.09431 77.53327 18.50683
1.15866 42.66143 26.60997 84.62811 76.31920 18.99408
1.15866 42.66143 26.60997 84.62811 76.31920 18.99408
1.30349 42.03749 25.63546 84.14292 75.10491 19.48006
1.30349 42.03749 25.63546 84.14292 75.10491 19.48006
1.45434 41.43082 24.69177 83.63887 73.89071 19.96595
1.45434 41.43082 24.69177 83.63887 73.89071 19.96595
1.61115 40.84102 23.77801 83.11602 72.67694 20.45290
1.61115 40.84102 23.77801 83.11602 72.67694 20.45290
1.61115 40.84102 23.77801 83.11602 72.67694 20.45290
1.85364 39.97756 22.44464 82.30867 70.85824 21.18591
1.85364 39.97756 22.44464 82.30867 70.85824 21.18591
1.85364 39.97756 22.44464 82.30867 70.85824 21.18591
1.85364 39.97756 22.44464 82.30867 70.85824 21.18591
2.11351 39.15872 21.18984 81.44493 69.03748 21.92960
2.11351 39.15872 21.18984 81.44493 69.03748 21.92960
2.29829 38.63980 20.40025 80.83021 67.82089 22.43818
2.29829 38.63980 20.40025 80.83021 67.82089 22.43818
2.48553 38.12569 19.61880 80.20632 66.60307 22.95217
2.48553 38.12569 19.61880 80.20632 66.60307 22.95217
2.67887 37.62591 18.86195 79.56047 65.38398 23.47534
2.67887 37.62591 18.86195 79.56047 65.38398 23.47534
2.87825 37.14040 18.12932 78.89214 64.16415 24.00915
2.87825 37.14040 18.12932 78.89214 64.16415 24.00915
3.08358 36.66915 17.42072 78.20071 62.94402 24.55487
3.08358 36.66915 17.42072 78.20071 62.94402 24.55487
3.29473 36.21220 16.73598 77.48554 61.72410 25.11381
3.29473 36.21220 16.73598 77.48554 61.72410 25.11381
3.51161 35.76960 16.07498 76.74589 60.50491 25.68729
3.51161 35.76960 16.07498 76.74589 60.50491 25.68729
3.73407 35.34139 15.43754 75.98096 59.28699 26.27673
3.73407 35.34139 15.43754 75.98096 59.28699 26.27673
3.96198 34.92761 14.82359 75.18985 58.07092 26.88359
3.96198 34.92761 14.82359 75.18985 58.07092 26.88359
4.19519 34.52832 14.23299 74.37158 56.85723 27.50940
4.19519 34.52832 14.23299 74.37158 56.85723 27.50940
4.43353 34.14357 13.66565 73.52507 55.64662 28.15575
4.43353 34.14357 13.66565 73.52507 55.64662 28.15575
4.67682 33.77343 13.12144 72.64916 54.43980 28.82437
4.67682 33.77343 13.12144 72.64916 54.43980 28.82437
4.92485 33.41794 12.60028 71.74257 53.23746 29.51699
4.92485 33.41794 12.60028 71.74257 53.23746 29.51699
5.17743 33.07717 12.10208 70.80391 52.04038 30.23550
5.17743 33.07717 12.10208 70.80391 52.04038 30.23550
5.17743 33.07717 12.10208 70.80391 52.04038 30.23550
5.43476 32.75061 11.62592 69.83015 50.84744 30.98305
5.43476 32.75061 11.62592 69.83015 50.84744 30.98305
5.69705 32.43790 11.17113 68.81786 49.65762 31.76310
5.69705 32.43790 11.17113 68.81786 49.65762 31.76310
5.96412 32.13923 10.73784 67.76483 48.47186 32.57824
5.96412 32.13923 10.73784 67.76483 48.47186 32.57824
6.23577 31.85476 10.32613 66.66874 47.29121 33.43119
6.23577 31.85476 10.32613 66.66874 47.29121 33.43119
6.51179 31.58465 9.93609 65.52707 46.11673 34.32484
6.51179 31.58465 9.93609 65.52707 46.11673 34.32484
6.79194 31.32903 9.56779 64.33709 44.94961 35.26228
6.79194 31.32903 9.56779 64.33709 44.94961 35.26228
7.07599 31.08806 9.22130 63.09588 43.79108 36.24681
7.07599 31.08806 9.22130 63.09588 43.79108 36.24681
7.36368 30.86184 8.89667 61.80029 42.64249 37.28193
7.36368 30.86184 8.89667 61.80029 42.64249 37.28193
7.65477 30.65051 8.59395 60.44691 41.50529 38.37139
7.65477 30.65051 8.59395 60.44691 41.50529 38.37139
7.94898 30.45415 8.31316 59.03215 40.38101 39.51913
7.94898 30.45415 8.31316 59.03215 40.38101 39.51913
8.24603 30.27284 8.05433 57.55215 39.27131 40.72935
8.24603 30.27284 8.05433 57.55215 39.27131 40.72935
8.54565 30.10667 7.81744 56.00279 38.17797 42.00645
8.54565 30.10667 7.81744 56.00279 38.17797 42.00645
8.84741 29.95567 7.60247 54.37980 37.10297 43.35510
8.84741 29.95567 7.60247 54.37980 37.10297 43.35510
9.15111 29.81987 7.40940 52.67874 36.04832 44.78004
9.15111 29.81987 7.40940 52.67874 36.04832 44.78004
9.45659 29.69943 7.23821 50.89509 35.01648 46.28619
9.45659 29.69943 7.23821 50.89509 35.01648 46.28619
9.45659 29.69943 7.23821 50.89509 35.01648 46.28619
9.76359 29.59424 7.08879 49.02331 34.00910 47.87917
9.76359 29.59424 7.08879 49.02331 34.00910 47.87917
10.07257 29.50407 6.96072 47.05382 33.02624 49.56814
10.07257 29.50407 6.96072 47.05382 33.02624 49.56814
10.38333 29.42880 6.85409 44.97990 32.07022 51.35990
10.38333 29.42880 6.85409 44.97990 32.07022 51.35990
10.69556 29.36862 6.76903 42.79597 31.14439 53.26041
10.69556 29.36862 6.76903 42.79597 31.14439 53.26041
11.00896 29.32379 6.70562 40.49675 30.25220 55.27517
11.00896 29.32379 6.70562 40.49675 30.25220 55.27517
11.32319 29.29428 6.66394 38.07739 29.39733 57.40943
11.32319 29.29428 6.66394 38.07739 29.39733 57.40943
11.63791 29.28016 6.64402 35.53375 28.58364 59.66762
11.63791 29.28016 6.64402 35.53375 28.58364 59.66762
11.95274 29.28149 6.64586 32.86286 27.81540 62.05297
11.95274 29.28149 6.64586 32.86286 27.81540 62.05297
12.26744 29.29821 6.66948 30.06293 27.09645 64.56752
12.26744 29.29821 6.66948 30.06293 27.09645 64.56752
12.58169 29.33033 6.71489 27.13404 26.43099 67.21148
12.58169 29.33033 6.71489 27.13404 26.43099 67.21148
12.89518 29.37782 6.78205 24.07854 25.82326 69.98289
12.89518 29.37782 6.78205 24.07854 25.82326 69.98289
13.20759 29.44062 6.87092 20.90129 25.27745 72.87703
13.20759 29.44062 6.87092 20.90129 25.27745 72.87703
13.51860 29.51867 6.98146 17.61015 24.79759 75.88630
13.51860 29.51867 6.98146 17.61015 24.79759 75.88630
13.82792 29.61187 7.11362 14.21613 24.38739 79.00000
13.82792 29.61187 7.11362 14.21613 24.38739 79.00000
14.13525 29.72014 7.26725 10.73347 24.05006 82.20410
14.13525 29.72014 7.26725 10.73347 24.05006 82.20410
14.44030 29.84337 7.44227 7.17943 23.78824 85.48161
14.44030 29.84337 7.44227 7.17943 23.78824 85.48161
14.44030 29.84337 7.44227 7.17943 23.78824 85.48161
14.74326 29.98160 7.63881 3.56835 23.60355 88.81801
14.74326 29.98160 7.63881 3.56835 23.60355 88.81801
15.04433 30.13503 7.85723 -0.08381 23.49742 92.19717
15.04433 30.13503 7.85723 -0.08381 23.49742 92.19717
15.34322 30.30367 8.09761 -3.75377 23.47100 95.59609
15.34322 30.30367 8.09761 -3.75377 23.47100 95.59609
15.63962 30.48744 8.35998 -7.41737 23.52445 98.99090
15.63962 30.48744 8.35998 -7.41737 23.52445 98.99090
15.93325 30.68632 8.64440 -11.05075 23.65694 102.35803
15.93325 30.68632 8.64440 -11.05075 23.65694 102.35803
16.22382 30.90021 8.95087 -14.63131 23.86678 105.67516
16.22382 30.90021 8.95087 -14.63131 23.86678 105.67516
16.51106 31.12902 9.27938 -18.13852 24.15150 108.92206
16.51106 31.12902 9.27938 -18.13852 24.15150 108.92206
16.79471 31.37265 9.62991 -21.55469 24.50793 112.08133
16.79471 31.37265 9.62991 -21.55469 24.50793 112.08133
17.07448 31.63098 10.00244 -24.86526 24.93234 115.13871
17.07448 31.63098 10.00244 -24.86526 24.93234 115.13871
17.35015 31.90389 10.39691 -28.05902 25.42065 118.08331
17.35015 31.90389 10.39691 -28.05902 25.42065 118.08331
17.62147 32.19124 10.81324 -31.12806 25.96848 120.90748
17.62147 32.19124 10.81324 -31.12806 25.96848 120.90748
17.88823 32.49287 11.25138 -34.06745 26.57137 123.60675
17.88823 32.49287 11.25138 -34.06745 26.57137 123.60675
18.15022 32.80863 11.71124 -36.87498 27.22486 126.17923
18.15022 32.80863 11.71124 -36.87498 27.22486 126.17923
18.40726 33.13840 12.19277 -39.55063 27.92446 128.62505
18.40726 33.13840 12.19277 -39.55063 27.92446 128.62505
18.65915 33.48199 12.69584 -42.09624 28.66589 130.94628
18.65915 33.48199 12.69584 -42.09624 28.66589 130.94628
18.65915 33.48199 12.69584 -42.09624 28.66589 130.94628
18.90585 33.83942 13.22060 -44.51598 29.44536 133.14693
18.90585 33.83942 13.22060 -44.51598 29.44536 133.14693
19.14776 34.21139 13.76825 -46.81975 30.26097 135.23716
19.14776 34.21139 13.76825 -46.81975 30.26097 135.23716
19.38479 34.59801 14.33913 -49.01219 31.10976 137.22193
19.38479 34.59801 14.33913 -49.01219 31.10976 137.22193
19.61674 34.99926 14.93341 -51.09781 31.98863 139.10612
19.61674 34.99926 14.93341 -51.09781 31.98863 139.10612
19.84339 35.41509 15.55115 -53.08156 32.89481 140.89505
19.84339 35.41509 15.55115 -53.08156 32.89481 140.89505
20.06463 35.84547 16.19255 -54.96839 33.82542 142.59410
20.06463 35.84547 16.19255 -54.96839 33.82542 142.59410
20.28035 36.29036 16.85775 -56.76342 34.77789 144.20880
20.28035 36.29036 16.85775 -56.76342 34.77789 144.20880
20.49036 36.74965 17.54690 -58.47178 35.74983 145.74528
20.49036 36.74965 17.54690 -58.47178 35.74983 145.74528
20.69456 37.22337 18.26019 -60.09830 36.73913 147.20838
20.69456 37.22337 18.26019 -60.09830 36.73913 147.20838
20.89286 37.71152 18.99779 -61.64770 37.74381 148.60309
20.89286 37.71152 18.99779 -61.64770 37.74381 148.60309
21.08523 38.21427 19.75999 -63.12442 38.76217 149.93361
21.08523 38.21427 19.75999 -63.12442 38.76217 149.93361
21.27157 38.73159 20.54701 -64.53278 39.79251 151.20505
21.27157 38.73159 20.54701 -64.53278 39.79251 151.20505
21.45176 39.26343 21.35909 -65.87687 40.83322 152.42246
21.45176 39.26343 21.35909 -65.87687 40.83322 152.42246
21.62575 39.80984 22.19656 -67.16041 41.88289 153.59011
21.62575 39.80984 22.19656 -67.16041 41.88289 153.59011
21.79341 40.37078 23.05977 -68.38714 42.94011 154.71269
21.79341 40.37078 23.05977 -68.38714 42.94011 154.71269
21.95458 40.94609 23.94909 -69.56057 44.00341 155.79502
21.95458 40.94609 23.94909 -69.56057 44.00341 155.79502
21.95458 40.94609 23.94909 -69.56057 44.00341 155.79502
22.10967 41.53721 24.86648 -70.68525 45.07376 156.84082
22.10967 41.53721 24.86648 -70.68525 45.07376 156.84082
22.25909 42.14583 25.81400 -71.76482 46.15241 157.85282
22.25909 42.14583 25.81400 -71.76482 46.15241 157.85282
22.40274 42.77237 26.79261 -72.80152 47.23844 158.83431
22.40274 42.77237 26.79261 -72.80152 47.23844 158.83431
22.54038 43.41687 27.80341 -73.79798 48.33060 159.79007
22.54038 43.41687 27.80341 -73.79798 48.33060 159.79007
22.67153 44.07886 28.84821 -74.75811 49.42687 160.72790
22.67153 44.07886 28.84821 -74.75811 49.42687 160.72790
22.79637 44.75945 29.92801 -75.68263 50.52717 161.64786
22.79637 44.75945 29.92801 -75.68263 50.52717 161.64786
22.91560 45.46100 31.04226 -76.56880 51.63316 162.54260
22.91560 45.46100 31.04226 -76.56880 51.63316 162.54260
23.02913 46.18413 32.19307 -77.41932 52.74372 163.41705
23.02913 46.18413 32.19307 -77.41932 52.74372 163.41705
23.13584 46.92716 33.38817 -78.24565 53.85393 164.29457
23.13584 46.92716 33.38817 -78.24565 53.85393 164.29457
23.23593 47.69194 34.62750 -79.04472 54.96479 165.17013
23.23593 47.69194 34.62750 -79.04472 54.96479 165.17013
23.33168 48.48565 35.88913 -79.80447 56.08841 166.03686
23.33168 48.48565 35.88913 -79.80447 56.08841 166.03686
23.41985 49.30012 37.23387 -80.54044 57.19828 166.87067
23.41985 49.30012 37.23387 -80.54044 57.19828 166.87067
23.50157 50.14196 38.60315 -81.24074 58.31537 167.70839
23.50157 50.14196 38.60315 -81.24074 58.31537 167.70839
23.57948 51.01950 40.05159 -81.93441 59.43291 168.57974
23.57948 51.01950 40.05159 -81.93441 59.43291 168.57974
23.65037 51.92588 41.52637 -82.59293 60.55640 169.45887
23.65037 51.92588 41.52637 -82.59293 60.55640 169.45887
