-4.26667e-08 3.2e-08 -2.13333e-08 1.06667e-07 1.06667e-07 -1.06667e-07
-3.41333e-07 2.56e-07 -1.70667e-07 8.53333e-07 8.53333e-07 -8.53333e-07
-1.152e-06 8.64e-07 -5.76e-07 2.88e-06 2.88e-06 -2.88e-06
-2.73067e-06 2.048e-06 -1.36533e-06 6.82667e-06 6.82667e-06 -6.82667e-06
-5.33333e-06 4e-06 -2.66667e-06 1.33327e-05 1.33333e-05 -1.33323e-05
-9.216e-06 6.912e-06 -4.608e-06 2.27185e-05 2.304e-05 -2.2697e-05
-1.46347e-05 1.0976e-05 -7.31733e-06 3.44767e-05 3.65867e-05 -3.44021e-05
-2.18453e-05 1.6384e-05 -1.09227e-05 4.79673e-05 5.46133e-05 -4.78076e-05
-3.10139e-05 2.3328e-05 -1.5552e-05 6.25504e-05 7.776e-05 -6.22735e-05
-4.19652e-05 3.2e-05 -2.13333e-05 7.75885e-05 0.000106667 -7.71641e-05
-5.44432e-05 4.2592e-05 -2.83947e-05 9.26644e-05 0.000141973 -9.2085e-05
-6.81919e-05 5.5296e-05 -3.6864e-05 0.00010774 0.00018432 -0.000107006
-8.29553e-05 7.0304e-05 -4.68693e-05 0.000122816 0.000234347 -0.000121927
-9.84774e-05 8.7808e-05 -5.85387e-05 0.000137892 0.000292693 -0.000136848
-0.000114502 0.000108 -7.2e-05 0.000152968 0.00036 -0.000151768
-0.000130774 0.000131072 -8.73813e-05 0.000168044 0.000436907 -0.000166689
-0.000147083 0.000157216 -0.000104811 0.000183119 0.000524053 -0.00018161
-0.000163393 0.000186624 -0.000124416 0.000198195 0.00062208 -0.000196531
-0.000179703 0.000219488 -0.000146325 0.000213271 0.000731627 -0.000211452
-0.000196012 0.000256 -0.000170667 0.000228347 0.000853333 -0.000226373
-0.000212322 0.000296352 -0.000197568 0.000243423 0.00098784 -0.000241294
-0.000228632 0.000340736 -0.000227157 0.000258499 0.00113579 -0.000256214
-0.000244941 0.000389344 -0.000259563 0.000273575 0.00129781 -0.000271135
-0.000261251 0.000442368 -0.000294912 0.00028865 0.00147456 -0.000286056
-0.000277561 0.0005 -0.000333333 0.000303726 0.00166667 -0.000300977
-0.00029387 0.000562432 -0.000374955 0.000318802 0.00187477 -0.000315898
-0.00031018 0.000629856 -0.000419904 0.000333878 0.00209952 -0.000330819
-0.00032649 0.000702464 -0.000468309 0.000348954 0.00234155 -0.00034574
-0.000342799 0.000780448 -0.000520299 0.00036403 0.00260149 -0.00036066
-0.000359109 0.000864 -0.000576 0.000379105 0.00288 -0.000375581
-0.000375419 0.000953312 -0.000635541 0.000394181 0.00317771 -0.000390502
-0.000391728 0.00104858 -0.000699051 0.000409257 0.00349525 -0.000405423
-0.000408038 0.00114998 -0.000766656 0.000424333 0.00383328 -0.000420344
-0.000424348 0.00125773 -0.000838485 0.000439409 0.00419243 -0.000435265
-0.000440657 0.001372 -0.000914667 0.000454485 0.00457333 -0.000450186
-0.000456967 0.00149299 -0.000995328 0.000469561 0.00497664 -0.000465107
-0.000473277 0.0016209 -0.0010806 0.000484636 0.00540299 -0.000480027
-0.000489586 0.0017559 -0.0011706 0.000499712 0.00585301 -0.000494948
-0.000505896 0.00189821 -0.00126547 0.000514788 0.00632736 -0.000509869
-0.000522206 0.002048 -0.00136533 0.000529864 0.00682667 -0.00052479
-0.000538516 0.00220547 -0.00147031 0.00054494 0.00735157 -0.000539711
-0.000554825 0.00237082 -0.00158054 0.000560016 0.00790272 -0.000554632
-0.000571135 0.00254422 -0.00169615 0.000575091 0.00848075 -0.000569553
-0.000587445 0.00272589 -0.00181726 0.000590167 0.00908629 -0.000584473
-0.000603754 0.002916 -0.001944 0.000605243 0.00972 -0.000599394
-0.000620064 0.00311475 -0.0020765 0.000620319 0.0103825 -0.000614315
-0.000636374 0.00332234 -0.00221489 0.000635395 0.0110745 -0.000629236
-0.000652683 0.00353894 -0.0023593 0.000650471 0.0117965 -0.000644157
-0.000668993 0.00376477 -0.00250985 0.000665546 0.0125492 -0.000659078
-0.000685303 0.004 -0.00266667 0.000680622 0.0133333 -0.000673999
-0.000701612 0.00424483 -0.00282989 0.000695698 0.0141494 -0.000688919
-0.000717922 0.00449946 -0.00299964 0.000710774 0.0149982 -0.00070384
-0.000734232 0.00476406 -0.00317604 0.00072585 0.0158802 -0.000718761
-0.000750541 0.00503885 -0.00335923 0.000740926 0.0167962 -0.000733682
-0.000766851 0.00532399 -0.00354933 0.000756002 0.0177467 -0.000748603
-0.000783161 0.00561952 -0.00374647 0.000771077 0.0187324 -0.000763524
-0.00079947 0.00592526 -0.00395078 0.000786153 0.0197536 -0.000778445
-0.00081578 0.006241 -0.00416239 0.000801229 0.02081 -0.000793365
-0.00083209 0.00656656 -0.00438142 0.000816305 0.0219007 -0.000808286
-0.000848399 0.00690175 -0.004608 0.000831381 0.0230253 -0.000823207
-0.000864709 0.00724637 -0.00484226 0.000846457 0.024183 -0.000838128
-0.000881019 0.00760023 -0.00508433 0.000861532 0.0253733 -0.000853049
-0.000897328 0.00796314 -0.00533433 0.000876608 0.0265954 -0.00086797
-0.000913638 0.00833491 -0.00559222 0.000891684 0.0278487 -0.000882891
-0.000929948 0.00871535 -0.00585789 0.00090676 0.0291327 -0.000897811
-0.000946257 0.00910427 -0.00613121 0.000921836 0.0304466 -0.000912732
-0.000962567 0.00950146 -0.00641204 0.000936912 0.0317898 -0.000927653
-0.000978877 0.00990675 -0.00670027 0.000951988 0.0331616 -0.000942574
-0.000995186 0.0103199 -0.00699576 0.000967063 0.0345616 -0.000957495
-0.0010115 0.0107408 -0.00729839 0.000982139 0.0359889 -0.000972416
-0.00102781 0.0111692 -0.00760802 0.000997215 0.0374429 -0.000987337
-0.00104412 0.0116049 -0.00792453 0.00101229 0.0389231 -0.00100226
-0.00106043 0.0120478 -0.00824779 0.00102737 0.0404288 -0.00101718
-0.00107673 0.0124976 -0.00857767 0.00104244 0.0419592 -0.0010321
-0.00109304 0.0129541 -0.00891405 0.00105752 0.0435139 -0.00104702
-0.00110935 0.0134172 -0.0092568 0.00107259 0.0450922 -0.00106194
-0.00112566 0.0138867 -0.00960578 0.00108767 0.0466933 -0.00107686
-0.00114197 0.0143623 -0.00996088 0.00110275 0.0483167 -0.00109178
-0.00115828 0.0148439 -0.010322 0.00111782 0.0499618 -0.0011067
-0.00117459 0.0153313 -0.0106889 0.0011329 0.0516278 -0.00112162
-0.0011909 0.0158243 -0.0110616 0.00114797 0.0533142 -0.00113655
-0.00120721 0.0163227 -0.0114398 0.00116305 0.0550204 -0.00115147
-0.00122352 0.0168263 -0.0118235 0.00117813 0.0567455 -0.00116639
-0.00123983 0.0173349 -0.0122126 0.0011932 0.0584892 -0.00118131
-0.00125614 0.0178484 -0.0126069 0.00120828 0.0602506 -0.00119623
-0.00127245 0.0183664 -0.0130063 0.00122335 0.0620292 -0.00121115
-0.00128876 0.018889 -0.0134106 0.00123843 0.0638243 -0.00122607
-0.00130507 0.0194157 -0.0138198 0.0012535 0.0656352 -0.00124099
-0.00132138 0.0199466 -0.0142336 0.00126858 0.0674614 -0.00125591
-0.00133769 0.0204813 -0.0146521 0.00128366 0.0693022 -0.00127083
-0.001354 0.0210196 -0.015075 0.00129873 0.071157 -0.00128575
-0.00137031 0.0215615 -0.0155022 0.00131381 0.073025 -0.00130067
-0.00138662 0.0221066 -0.0159336 0.00132888 0.0749058 -0.0013156
-0.00140293 0.0226549 -0.016369 0.00134396 0.0767985 -0.00133052
-0.00141924 0.023206 -0.0168084 0.00135904 0.0787027 -0.00134544
-0.00143555 0.0237599 -0.0172516 0.00137411 0.0806176 -0.00136036
-0.00145186 0.0243163 -0.0176985 0.00138919 0.0825426 -0.00137528
-0.00146817 0.024875 -0.018149 0.00140426 0.0844771 -0.0013902
-0.00148448 0.0254358 -0.0186028 0.00141934 0.0864205 -0.00140512
-0.00150079 0.0259986 -0.01906 0.00143441 0.088372 -0.00142004
-0.0015171 0.0265632 -0.0195203 0.00144949 0.0903311 -0.00143496
-0.00153341 0.0271293 -0.0199836 0.00146457 0.0922971 -0.00144988
-0.00154972 0.0276968 -0.0204499 0.00147964 0.0942694 -0.0014648
-0.00156602 0.0282654 -0.020919 0.00149472 0.0962473 -0.00147973
-0.00158233 0.0288351 -0.0213907 0.00150979 0.0982302 -0.00149465
-0.00159864 0.0294055 -0.0218649 0.00152487 0.100217 -0.00150957
-0.00161495 0.0299766 -0.0223415 0.00153995 0.102208 -0.00152449
-0.00163126 0.030548 -0.0228204 0.00155502 0.104202 -0.00153941
-0.00164757 0.0311197 -0.0233015 0.0015701 0.106199 -0.00155433
-0.00166388 0.0316914 -0.0237845 0.00158517 0.108197 -0.00156925
-0.00168019 0.0322632 -0.0242695 0.00160025 0.110197 -0.00158417
-0.0016965 0.0328349 -0.0247562 0.00161532 0.112197 -0.00159909
-0.00171281 0.0334066 -0.0252445 0.0016304 0.114197 -0.00161401
-0.00172912 0.0339783 -0.0257344 0.00164548 0.116197 -0.00162893
-0.00174543 0.0345501 -0.0262256 0.00166055 0.118197 -0.00164385
-0.00176174 0.0351218 -0.0267181 0.00167563 0.120197 -0.00165878
-0.00177805 0.0356935 -0.0272116 0.0016907 0.122197 -0.0016737
-0.00179436 0.0362652 -0.0277062 0.00170578 0.124197 -0.00168862
-0.00181067 0.036837 -0.0282016 0.00172086 0.126197 -0.00170354
-0.00182698 0.0374087 -0.0286978 0.00173593 0.128197 -0.00171846
-0.00184329 0.0379804 -0.0291946 0.00175101 0.130197 -0.00173338
-0.0018596 0.0385521 -0.0296918 0.00176608 0.132197 -0.0017483
-0.00187591 0.0391238 -0.0301894 0.00178116 0.134197 -0.00176322
-0.00189222 0.0396956 -0.0306873 0.00179623 0.136197 -0.00177814
-0.00190853 0.0402673 -0.0311852 0.00181131 0.138197 -0.00179306
-0.00192484 0.040839 -0.0316831 0.00182639 0.140197 -0.00180798
-0.00194115 0.0414107 -0.0321811 0.00184146 0.142197 -0.0018229
-0.00195746 0.0419825 -0.032679 0.00185654 0.144197 -0.00183783
-0.00197377 0.0425542 -0.0331769 0.00187161 0.146197 -0.00185275
-0.00199008 0.0431259 -0.0336749 0.00188669 0.148197 -0.00186767
-0.00200639 0.0436976 -0.0341728 0.00190177 0.150197 -0.00188259
-0.0020227 0.0442694 -0.0346707 0.00191684 0.152197 -0.00189751
-0.00203901 0.0448411 -0.0351687 0.00193192 0.154197 -0.00191243
-0.00205532 0.0454128 -0.0356666 0.00194699 0.156197 -0.00192735
-0.00207162 0.0459845 -0.0361645 0.00196207 0.158197 -0.00194227
-0.00208793 0.0465562 -0.0366625 0.00197714 0.160197 -0.00195719
-0.00210424 0.047128 -0.0371604 0.00199222 0.162197 -0.00197211
-0.00212055 0.0476997 -0.0376583 0.0020073 0.164197 -0.00198703
-0.00213686 0.0482714 -0.0381563 0.00202237 0.166197 -0.00200196
-0.00215317 0.0488431 -0.0386542 0.00203745 0.168197 -0.00201688
-0.00216948 0.0494149 -0.0391521 0.00205252 0.170197 -0.0020318
-0.00218579 0.0499866 -0.0396501 0.0020676 0.172197 -0.00204672
-0.0022021 0.0505583 -0.040148 0.00208268 0.174197 -0.00206164
-0.00221841 0.05113 -0.0406459 0.00209775 0.176197 -0.00207656
-0.00223472 0.0517018 -0.0411438 0.00211283 0.178197 -0.00209148
-0.00225103 0.0522735 -0.0416418 0.0021279 0.180197 -0.0021064
-0.00226734 0.0528452 -0.0421397 0.00214298 0.182197 -0.00212132
-0.00228365 0.0534169 -0.0426376 0.00215806 0.184197 -0.00213624
-0.00229996 0.0539886 -0.0431356 0.00217313 0.186197 -0.00215116
-0.00231627 0.0545604 -0.0436335 0.00218821 0.188197 -0.00216608
-0.00233258 0.0551321 -0.0441314 0.00220328 0.190197 -0.00218101
-0.00234889 0.0557038 -0.0446294 0.00221836 0.192197 -0.00219593
-0.0023652 0.0562755 -0.0451273 0.00223343 0.194197 -0.00221085
-0.00238151 0.0568473 -0.0456252 0.00224851 0.196197 -0.00222577
-0.00239782 0.057419 -0.0461232 0.00226359 0.198197 -0.00224069
-0.00241413 0.0579907 -0.0466211 0.00227866 0.200197 -0.00225561
-0.00243044 0.0585624 -0.047119 0.00229374 0.202197 -0.00227053
-0.00244675 0.0591341 -0.047617 0.00230881 0.204197 -0.00228545
-0.00246306 0.0597059 -0.0481149 0.00232389 0.206197 -0.00230037
-0.00247937 0.0602776 -0.0486128 0.00233897 0.208197 -0.00231529
-0.00249568 0.0608493 -0.0491108 0.00235404 0.210197 -0.00233021
-0.00251199 0.061421 -0.0496087 0.00236912 0.212197 -0.00234514
-0.0025283 0.0619928 -0.0501066 0.00238419 0.214197 -0.00236006
-0.00254461 0.0625645 -0.0506046 0.00239927 0.216197 -0.00237498
-0.00256091 0.0631362 -0.0511025 0.00241434 0.218197 -0.0023899
-0.00257722 0.0637079 -0.0516004 0.00242942 0.220197 -0.00240482
-0.00259353 0.0642797 -0.0520984 0.0024445 0.222197 -0.00241974
-0.00260984 0.0648514 -0.0525963 0.00245957 0.224197 -0.00243466
-0.00262615 0.0654231 -0.0530942 0.00247465 0.226197 -0.00244958
-0.00264246 0.0659948 -0.0535922 0.00248972 0.228197 -0.0024645
-0.00265877 0.0665665 -0.0540901 0.0025048 0.230197 -0.00247942
-0.00267508 0.0671383 -0.054588 0.00251988 0.232197 -0.00249434
-0.00269139 0.06771 -0.055086 0.00253495 0.234197 -0.00250926
-0.0027077 0.0682817 -0.0555839 0.00255003 0.236197 -0.00252419
-0.00272401 0.0688534 -0.0560818 0.0025651 0.238197 -0.00253911
-0.00274032 0.0694252 -0.0565798 0.00258018 0.240197 -0.00255403
-0.00275663 0.0699969 -0.0570777 0.00259525 0.242197 -0.00256895
-0.00277294 0.0705686 -0.0575756 0.00261033 0.244197 -0.00258387
-0.00278925 0.0711403 -0.0580736 0.00262541 0.246197 -0.00259879
-0.00280556 0.0717121 -0.0585715 0.00264048 0.248197 -0.00261371
-0.00282187 0.0722838 -0.0590694 0.00265556 0.250197 -0.00262863
-0.00283818 0.0728555 -0.0595674 0.00267063 0.252197 -0.00264355
-0.00285449 0.0734272 -0.0600653 0.00268571 0.254197 -0.00265847
-0.0028708 0.0739989 -0.0605632 0.00270079 0.256197 -0.00267339
-0.00288711 0.0745707 -0.0610612 0.00271586 0.258197 -0.00268831
-0.00290342 0.0751424 -0.0615591 0.00273094 0.260197 -0.00270324
-0.00291973 0.0757141 -0.062057 0.00274601 0.262197 -0.00271816
-0.00293604 0.0762858 -0.062555 0.00276109 0.264197 -0.00273308
-0.00295235 0.0768576 -0.0630529 0.00277616 0.266197 -0.002748
-0.00296866 0.0774293 -0.0635508 0.00279124 0.268197 -0.00276292
-0.00298497 0.078001 -0.0640488 0.00280632 0.270197 -0.00277784
-0.00300128 0.0785727 -0.0645467 0.00282139 0.272197 -0.00279276
-0.00301759 0.0791445 -0.0650446 0.00283647 0.274197 -0.00280768
-0.0030339 0.0797162 -0.0655426 0.00285154 0.276197 -0.0028226
-0.00305021 0.0802879 -0.0660405 0.00286662 0.278197 -0.00283752
-0.00306651 0.0808596 -0.0665384 0.0028817 0.280197 -0.00285244
-0.00308282 0.0814313 -0.0670363 0.00289677 0.282197 -0.00286737
-0.00309913 0.0820031 -0.0675343 0.00291185 0.284197 -0.00288229
-0.00311544 0.0825748 -0.0680322 0.00292692 0.286197 -0.00289721
-0.00313175 0.0831465 -0.0685301 0.002942 0.288197 -0.00291213
-0.00314806 0.0837182 -0.0690281 0.00295707 0.290197 -0.00292705
-0.00316437 0.08429 -0.069526 0.00297215 0.292197 -0.00294197
-0.00318068 0.0848617 -0.0700239 0.00298723 0.294197 -0.00295689
-0.00319699 0.0854334 -0.0705219 0.0030023 0.296197 -0.00297181
-0.0032133 0.0860051 -0.0710198 0.00301738 0.298197 -0.00298673
-0.00322961 0.0865768 -0.0715177 0.00303245 0.300197 -0.00300165
-0.00324592 0.0871486 -0.0720157 0.00304753 0.302197 -0.00301657
-0.00326223 0.0877203 -0.0725136 0.00306261 0.304197 -0.00303149
-0.00327854 0.088292 -0.0730115 0.00307768 0.306197 -0.00304642
-0.00329485 0.0888637 -0.0735095 0.00309276 0.308197 -0.00306134
-0.00331116 0.0894355 -0.0740074 0.00310783 0.310197 -0.00307626
-0.00332747 0.0900072 -0.0745053 0.00312291 0.312197 -0.00309118
-0.00334378 0.0905789 -0.0750033 0.00313799 0.314197 -0.0031061
-0.00336009 0.0911506 -0.0755012 0.00315306 0.316197 -0.00312102
-0.0033764 0.0917224 -0.0759991 0.00316814 0.318197 -0.00313594
-0.00339271 0.0922941 -0.0764971 0.00318321 0.320197 -0.00315086
-0.00340902 0.0928658 -0.076995 0.00319829 0.322197 -0.00316578
-0.00342533 0.0934375 -0.0774929 0.00321336 0.324197 -0.0031807
-0.00344164 0.0940092 -0.0779909 0.00322844 0.326197 -0.00319562
-0.00345795 0.094581 -0.0784888 0.00324352 0.328197 -0.00321054
-0.00347426 0.0951527 -0.0789867 0.00325859 0.330197 -0.00322547
-0.00349057 0.0957244 -0.0794847 0.00327367 0.332197 -0.00324039
-0.00350688 0.0962961 -0.0799826 0.00328874 0.334197 -0.00325531
-0.00352319 0.0968679 -0.0804805 0.00330382 0.336197 -0.00327023
-0.0035395 0.0974396 -0.0809785 0.0033189 0.338197 -0.00328515
-0.00355581 0.0980113 -0.0814764 0.00333397 0.340197 -0.00330007
-0.00357211 0.098583 -0.0819743 0.00334905 0.342197 -0.00331499
-0.00358842 0.0991548 -0.0824723 0.00336412 0.344197 -0.00332991
-0.00360473 0.0997265 -0.0829702 0.0033792 0.346197 -0.00334483
-0.00362104 0.100298 -0.0834681 0.00339427 0.348197 -0.00335975
-0.00363735 0.10087 -0.0839661 0.00340935 0.350197 -0.00337467
-0.00365366 0.101442 -0.084464 0.00342443 0.352197 -0.0033896
-0.00366997 0.102013 -0.0849619 0.0034395 0.354197 -0.00340452
-0.00368628 0.102585 -0.0854599 0.00345458 0.356197 -0.00341944
-0.00370259 0.103157 -0.0859578 0.00346965 0.358197 -0.00343436
-0.0037189 0.103729 -0.0864557 0.00348473 0.360197 -0.00344928
-0.00373521 0.1043 -0.0869537 0.00349981 0.362197 -0.0034642
-0.00375152 0.104872 -0.0874516 0.00351488 0.364197 -0.00347912
-0.00376783 0.105444 -0.0879495 0.00352996 0.366197 -0.00349404
-0.00378414 0.106015 -0.0884475 0.00354503 0.368197 -0.00350896
-0.00380045 0.106587 -0.0889454 0.00356011 0.370197 -0.00352388
-0.00381676 0.107159 -0.0894433 0.00357518 0.372197 -0.0035388
-0.00383307 0.107731 -0.0899413 0.00359026 0.374197 -0.00355372
-0.00384938 0.108302 -0.0904392 0.00360534 0.376197 -0.00356865
-0.00386569 0.108874 -0.0909371 0.00362041 0.378197 -0.00358357
-0.003882 0.109446 -0.0914351 0.00363549 0.380197 -0.00359849
-0.00389831 0.110017 -0.091933 0.00365056 0.382197 -0.00361341
-0.00391462 0.110589 -0.0924309 0.00366564 0.384197 -0.00362833
-0.00393093 0.111161 -0.0929288 0.00368072 0.386197 -0.00364325
-0.00394724 0.111733 -0.0934268 0.00369579 0.388197 -0.00365817
-0.00396355 0.112304 -0.0939247 0.00371087 0.390197 -0.00367309
-0.00397986 0.112876 -0.0944226 0.00372594 0.392197 -0.00368801
-0.00399617 0.113448 -0.0949206 0.00374102 0.394197 -0.00370293
-0.00401248 0.11402 -0.0954185 0.00375609 0.396197 -0.00371785
-0.00402879 0.114591 -0.0959164 0.00377117 0.398197 -0.00373278
-0.0040451 0.115163 -0.0964144 0.00378625 0.400197 -0.0037477
-0.0040614 0.115735 -0.0969123 0.00380132 0.402197 -0.00376262
-0.00407771 0.116306 -0.0974102 0.0038164 0.404197 -0.00377754
-0.00409402 0.116878 -0.0979082 0.00383147 0.406197 -0.00379246
-0.00411033 0.11745 -0.0984061 0.00384655 0.408197 -0.00380738
-0.00412664 0.118022 -0.098904 0.00386163 0.410197 -0.0038223
-0.00414295 0.118593 -0.099402 0.0038767 0.412197 -0.00383722
-0.00415926 0.119165 -0.0998999 0.00389178 0.414197 -0.00385214
-0.00417557 0.119737 -0.100398 0.00390685 0.416197 -0.00386706
-0.00419188 0.120309 -0.100896 0.00392193 0.418197 -0.00388198
-0.00420819 0.12088 -0.101394 0.003937 0.420197 -0.0038969
-0.0042245 0.121452 -0.101892 0.00395208 0.422197 -0.00391183
-0.00424081 0.122024 -0.10239 0.00396716 0.424197 -0.00392675
-0.00425712 0.122595 -0.102888 0.00398223 0.426197 -0.00394167
-0.00427343 0.123167 -0.103385 0.00399731 0.428197 -0.00395659
-0.00428974 0.123739 -0.103883 0.00401238 0.430197 -0.00397151
-0.00430605 0.124311 -0.104381 0.00402746 0.432197 -0.00398643
-0.00432236 0.124882 -0.104879 0.00404254 0.434197 -0.00400135
-0.00433867 0.125454 -0.105377 0.00405761 0.436197 -0.00401627
-0.00435498 0.126026 -0.105875 0.00407269 0.438197 -0.00403119
-0.00437129 0.126597 -0.106373 0.00408776 0.440197 -0.00404611
-0.0043876 0.127169 -0.106871 0.00410284 0.442197 -0.00406103
-0.00440391 0.127741 -0.107369 0.00411791 0.444197 -0.00407595
-0.00442022 0.128313 -0.107867 0.00413299 0.446197 -0.00409088
-0.00443653 0.128884 -0.108365 0.00414807 0.448197 -0.0041058
-0.00445284 0.129456 -0.108863 0.00416314 0.450197 -0.00412072
-0.00446915 0.130028 -0.109361 0.00417822 0.452197 -0.00413564
-0.00448546 0.1306 -0.109859 0.00419329 0.454197 -0.00415056
-0.00450177 0.131171 -0.110356 0.00420837 0.456197 -0.00416548
-0.00451808 0.131743 -0.110854 0.00422345 0.458197 -0.0041804
-0.00453439 0.132315 -0.111352 0.00423852 0.460197 -0.00419532
-0.0045507 0.132886 -0.11185 0.0042536 0.462197 -0.00421024
-0.004567 0.133458 -0.112348 0.00426867 0.464197 -0.00422516
-0.00458331 0.13403 -0.112846 0.00428375 0.466197 -0.00424008
-0.00459962 0.134602 -0.113344 0.00429883 0.468197 -0.00425501
-0.00461593 0.135173 -0.113842 0.0043139 0.470197 -0.00426993
-0.00463224 0.135745 -0.11434 0.00432898 0.472197 -0.00428485
-0.00464855 0.136317 -0.114838 0.00434405 0.474197 -0.00429977
-0.00466486 0.136888 -0.115336 0.00435913 0.476197 -0.00431469
-0.00468117 0.13746 -0.115834 0.0043742 0.478197 -0.00432961
-0.00469748 0.138032 -0.116332 0.00438928 0.480197 -0.00434453
-0.00471379 0.138604 -0.11683 0.00440436 0.482197 -0.00435945
-0.0047301 0.139175 -0.117328 0.00441943 0.484197 -0.00437437
-0.00474641 0.139747 -0.117825 0.00443451 0.486197 -0.00438929
-0.00476272 0.140319 -0.118323 0.00444958 0.488197 -0.00440421
-0.00477903 0.140891 -0.118821 0.00446466 0.490197 -0.00441913
-0.00479534 0.141462 -0.119319 0.00447974 0.492197 -0.00443406
-0.00481165 0.142034 -0.119817 0.00449481 0.494197 -0.00444898
-0.00482796 0.142606 -0.120315 0.00450989 0.496197 -0.0044639
-0.00484427 0.143177 -0.120813 0.00452496 0.498197 -0.00447882
-0.00486058 0.143749 -0.121311 0.00454004 0.500197 -0.00449374
-0.00487689 0.144321 -0.121809 0.00455511 0.502197 -0.00450866
-0.0048932 0.144893 -0.122307 0.00457019 0.504197 -0.00452358
-0.00490951 0.145464 -0.122805 0.00458527 0.506197 -0.0045385
-0.00492582 0.146036 -0.123303 0.00460034 0.508197 -0.00455342
-0.00494213 0.146608 -0.123801 0.00461542 0.510197 -0.00456834
-0.00495844 0.147179 -0.124299 0.00463049 0.512197 -0.00458326
-0.00497475 0.147751 -0.124797 0.00464557 0.514197 -0.00459819
-0.00499106 0.148323 -0.125294 0.00466065 0.516197 -0.00461311
-0.00500737 0.148895 -0.125792 0.00467572 0.518197 -0.00462803
-0.00502368 0.149466 -0.12629 0.0046908 0.520197 -0.00464295
-0.00503999 0.150038 -0.126788 0.00470587 0.522197 -0.00465787
-0.00505629 0.15061 -0.127286 0.00472095 0.524197 -0.00467279
-0.0050726 0.151182 -0.127784 0.00473602 0.526197 -0.00468771
-0.00508891 0.151753 -0.128282 0.0047511 0.528197 -0.00470263
-0.00510522 0.152325 -0.12878 0.00476618 0.530197 -0.00471755
-0.00512153 0.152897 -0.129278 0.00478125 0.532197 -0.00473247
-0.00513784 0.153468 -0.129776 0.00479633 0.534197 -0.00474739
-0.00515415 0.15404 -0.130274 0.0048114 0.536197 -0.00476231
-0.00517046 0.154612 -0.130772 0.00482648 0.538197 -0.00477724
-0.00518677 0.155184 -0.13127 0.00484156 0.540197 -0.00479216
-0.00520308 0.155755 -0.131768 0.00485663 0.542197 -0.00480708
-0.00521939 0.156327 -0.132266 0.00487171 0.544197 -0.004822
-0.0052357 0.156899 -0.132763 0.00488678 0.546197 -0.00483692
-0.00525201 0.15747 -0.133261 0.00490186 0.548197 -0.00485184
-0.00526832 0.158042 -0.133759 0.00491693 0.550197 -0.00486676
-0.00528463 0.158614 -0.134257 0.00493201 0.552197 -0.00488168
-0.00530094 0.159186 -0.134755 0.00494709 0.554197 -0.0048966
-0.00531725 0.159757 -0.135253 0.00496216 0.556197 -0.00491152
-0.00533356 0.160329 -0.135751 0.00497724 0.558197 -0.00492644
-0.00534987 0.160901 -0.136249 0.00499231 0.560197 -0.00494136
-0.00536618 0.161473 -0.136747 0.00500739 0.562197 -0.00495629
-0.00538249 0.162044 -0.137245 0.00502247 0.564197 -0.00497121
-0.0053988 0.162616 -0.137743 0.00503754 0.566197 -0.00498613
-0.00541511 0.163188 -0.138241 0.00505262 0.568197 -0.00500105
-0.00543142 0.163759 -0.138739 0.00506769 0.570197 -0.00501597
-0.00544773 0.164331 -0.139237 0.00508277 0.572197 -0.00503089
-0.00546404 0.164903 -0.139735 0.00509784 0.574197 -0.00504581
-0.00548035 0.165475 -0.140232 0.00511292 0.576197 -0.00506073
-0.00549666 0.166046 -0.14073 0.005128 0.578197 -0.00507565
-0.00551297 0.166618 -0.141228 0.00514307 0.580197 -0.00509057
-0.00552928 0.16719 -0.141726 0.00515815 0.582197 -0.00510549
-0.00554559 0.167762 -0.142224 0.00517322 0.584197 -0.00512042
-0.00556189 0.168333 -0.142722 0.0051883 0.586197 -0.00513534
-0.0055782 0.168905 -0.14322 0.00520338 0.588197 -0.00515026
-0.00559451 0.169477 -0.143718 0.00521845 0.590197 -0.00516518
-0.00561082 0.170048 -0.144216 0.00523353 0.592197 -0.0051801
-0.00562713 0.17062 -0.144714 0.0052486 0.594197 -0.00519502
-0.00564344 0.171192 -0.145212 0.00526368 0.596197 -0.00520994
-0.00565975 0.171764 -0.14571 0.00527875 0.598197 -0.00522486
-0.00567606 0.172335 -0.146208 0.00529383 0.600197 -0.00523978
-0.00569237 0.172907 -0.146706 0.00530891 0.602197 -0.0052547
-0.00570868 0.173479 -0.147204 0.00532398 0.604197 -0.00526962
-0.00572499 0.17405 -0.147701 0.00533906 0.606197 -0.00528454
-0.0057413 0.174622 -0.148199 0.00535413 0.608197 -0.00529947
-0.00575761 0.175194 -0.148697 0.00536921 0.610197 -0.00531439
-0.00577392 0.175766 -0.149195 0.00538429 0.612197 -0.00532931
-0.00579023 0.176337 -0.149693 0.00539936 0.614197 -0.00534423
-0.00580654 0.176909 -0.150191 0.00541444 0.616197 -0.00535915
-0.00582285 0.177481 -0.150689 0.00542951 0.618197 -0.00537407
-0.00583916 0.178053 -0.151187 0.00544459 0.620197 -0.00538899
-0.00585547 0.178624 -0.151685 0.00545967 0.622197 -0.00540391
-0.00587178 0.179196 -0.152183 0.00547474 0.624197 -0.00541883
-0.00588809 0.179768 -0.152681 0.00548982 0.626197 -0.00543375
-0.0059044 0.180339 -0.153179 0.00550489 0.628197 -0.00544867
-0.00592071 0.180911 -0.153677 0.00551997 0.630197 -0.0054636
-0.00593702 0.181483 -0.154175 0.00553504 0.632197 -0.00547852
-0.00595333 0.182055 -0.154673 0.00555012 0.634197 -0.00549344
-0.00596964 0.182626 -0.15517 0.0055652 0.636197 -0.00550836
-0.00598595 0.183198 -0.155668 0.00558027 0.638197 -0.00552328
-0.00600226 0.18377 -0.156166 0.00559535 0.640197 -0.0055382
-0.00601857 0.184341 -0.156664 0.00561042 0.642197 -0.00555312
-0.00603488 0.184913 -0.157162 0.0056255 0.644197 -0.00556804
-0.00605118 0.185485 -0.15766 0.00564058 0.646197 -0.00558296
-0.00606749 0.186057 -0.158158 0.00565565 0.648197 -0.00559788
-0.0060838 0.186628 -0.158656 0.00567073 0.650197 -0.0056128
-0.00610011 0.1872 -0.159154 0.0056858 0.652197 -0.00562772
-0.00611642 0.187772 -0.159652 0.00570088 0.654197 -0.00564265
-0.00613273 0.188344 -0.16015 0.00571595 0.656197 -0.00565757
-0.00614904 0.188915 -0.160648 0.00573103 0.658197 -0.00567249
-0.00616535 0.189487 -0.161146 0.00574611 0.660197 -0.00568741
-0.00618166 0.190059 -0.161644 0.00576118 0.662197 -0.00570233
-0.00619797 0.19063 -0.162141 0.00577626 0.664197 -0.00571725
-0.00621428 0.191202 -0.162639 0.00579133 0.666197 -0.00573217
-0.00623059 0.191774 -0.163137 0.00580641 0.668197 -0.00574709
-0.0062469 0.192346 -0.163635 0.00582149 0.670197 -0.00576201
-0.00626321 0.192917 -0.164133 0.00583656 0.672197 -0.00577693
-0.00627952 0.193489 -0.164631 0.00585164 0.674197 -0.00579185
-0.00629583 0.194061 -0.165129 0.00586671 0.676197 -0.00580677
-0.00631214 0.194632 -0.165627 0.00588179 0.678197 -0.0058217
-0.00632845 0.195204 -0.166125 0.00589686 0.680197 -0.00583662
-0.00634476 0.195776 -0.166623 0.00591194 0.682197 -0.00585154
-0.00636107 0.196348 -0.167121 0.00592702 0.684197 -0.00586646
-0.00637738 0.196919 -0.167619 0.00594209 0.686197 -0.00588138
-0.00639369 0.197491 -0.168117 0.00595717 0.688197 -0.0058963
-0.00641 0.198063 -0.168615 0.00597224 0.690197 -0.00591122
-0.00642631 0.198635 -0.169113 0.00598732 0.692197 -0.00592614
-0.00644262 0.199206 -0.16961 0.0060024 0.694197 -0.00594106
-0.00645893 0.199778 -0.170108 0.00601747 0.696197 -0.00595598
-0.00647524 0.20035 -0.170606 0.00603255 0.698197 -0.0059709
-0.00649155 0.200921 -0.171104 0.00604762 0.700197 -0.00598583
-0.00650786 0.201493 -0.171602 0.0060627 0.702197 -0.00600075
-0.00652417 0.202065 -0.1721 0.00607777 0.704197 -0.00601567
-0.00654048 0.202637 -0.172598 0.00609285 0.706197 -0.00603059
-0.00655678 0.203208 -0.173096 0.00610793 0.708197 -0.00604551
-0.00657309 0.20378 -0.173594 0.006123 0.710197 -0.00606043
-0.0065894 0.204352 -0.174092 0.00613808 0.712197 -0.00607535
-0.00660571 0.204923 -0.17459 0.00615315 0.714197 -0.00609027
-0.00662202 0.205495 -0.175088 0.00616823 0.716197 -0.00610519
-0.00663833 0.206067 -0.175586 0.00618331 0.718197 -0.00612011
-0.00665464 0.206639 -0.176084 0.00619838 0.720197 -0.00613503
-0.00667095 0.20721 -0.176582 0.00621346 0.722197 -0.00614995
-0.00668726 0.207782 -0.177079 0.00622853 0.724197 -0.00616488
-0.00670357 0.208354 -0.177577 0.00624361 0.726197 -0.0061798
-0.00671988 0.208926 -0.178075 0.00625868 0.728197 -0.00619472
-0.00673619 0.209497 -0.178573 0.00627376 0.730197 -0.00620964
-0.0067525 0.210069 -0.179071 0.00628884 0.732197 -0.00622456
-0.00676881 0.210641 -0.179569 0.00630391 0.734197 -0.00623948
-0.00678512 0.211212 -0.180067 0.00631899 0.736197 -0.0062544
-0.00680143 0.211784 -0.180565 0.00633406 0.738197 -0.00626932
-0.00681774 0.212356 -0.181063 0.00634914 0.740197 -0.00628424
-0.00683405 0.212928 -0.181561 0.00636422 0.742197 -0.00629916
-0.00685036 0.213499 -0.182059 0.00637929 0.744197 -0.00631408
-0.00686667 0.214071 -0.182557 0.00639437 0.746197 -0.00632901
-0.00688298 0.214643 -0.183055 0.00640944 0.748197 -0.00634393
-0.00689929 0.215215 -0.183553 0.00642452 0.750197 -0.00635885
-0.0069156 0.215786 -0.184051 0.0064396 0.752197 -0.00637377
-0.00693191 0.216358 -0.184548 0.00645467 0.754197 -0.00638869
-0.00694822 0.21693 -0.185046 0.00646975 0.756197 -0.00640361
-0.00696453 0.217501 -0.185544 0.00648482 0.758197 -0.00641853
-0.00698084 0.218073 -0.186042 0.0064999 0.760197 -0.00643345
-0.00699715 0.218645 -0.18654 0.00651497 0.762197 -0.00644837
-0.00701346 0.219217 -0.187038 0.00653005 0.764197 -0.00646329
-0.00702977 0.219788 -0.187536 0.00654513 0.766197 -0.00647821
-0.00704608 0.22036 -0.188034 0.0065602 0.768197 -0.00649313
-0.00706238 0.220932 -0.188532 0.00657528 0.770197 -0.00650806
-0.00707869 0.221503 -0.18903 0.00659035 0.772197 -0.00652298
-0.007095 0.222075 -0.189528 0.00660543 0.774197 -0.0065379
-0.00711131 0.222647 -0.190026 0.00662051 0.776197 -0.00655282
-0.00712762 0.223219 -0.190524 0.00663558 0.778197 -0.00656774
-0.00714393 0.22379 -0.191022 0.00665066 0.780197 -0.00658266
-0.00716024 0.224362 -0.19152 0.00666573 0.782197 -0.00659758
-0.00717655 0.224934 -0.192017 0.00668081 0.784197 -0.0066125
-0.00719286 0.225506 -0.192515 0.00669588 0.786197 -0.00662742
-0.00720917 0.226077 -0.193013 0.00671096 0.788197 -0.00664234
-0.00722548 0.226649 -0.193511 0.00672604 0.790197 -0.00665726
-0.00724179 0.227221 -0.194009 0.00674111 0.792197 -0.00667218
-0.0072581 0.227792 -0.194507 0.00675619 0.794197 -0.00668711
-0.00727441 0.228364 -0.195005 0.00677126 0.796197 -0.00670203
-0.00729072 0.228936 -0.195503 0.00678634 0.798197 -0.00671695
-0.00730703 0.229508 -0.196001 0.00680142 0.800197 -0.00673187
-0.00732334 0.230079 -0.196499 0.00681649 0.802197 -0.00674679
-0.00733965 0.230651 -0.196997 0.00683157 0.804197 -0.00676171
-0.00735596 0.231223 -0.197495 0.00684664 0.806197 -0.00677663
-0.00737227 0.231794 -0.197993 0.00686172 0.808197 -0.00679155
-0.00738858 0.232366 -0.198491 0.00687679 0.810197 -0.00680647
-0.00740489 0.232938 -0.198989 0.00689187 0.812197 -0.00682139
-0.0074212 0.23351 -0.199486 0.00690695 0.814197 -0.00683631
-0.00743751 0.234081 -0.199984 0.00692202 0.816197 -0.00685124
-0.00745382 0.234653 -0.200482 0.0069371 0.818197 -0.00686616
-0.00747013 0.235225 -0.20098 0.00695217 0.820197 -0.00688108
-0.00748644 0.235797 -0.201478 0.00696725 0.822197 -0.006896
-0.00750275 0.236368 -0.201976 0.00698233 0.824197 -0.00691092
-0.00751906 0.23694 -0.202474 0.0069974 0.826197 -0.00692584
-0.00753537 0.237512 -0.202972 0.00701248 0.828197 -0.00694076
-0.00755167 0.238083 -0.20347 0.00702755 0.830197 -0.00695568
-0.00756798 0.238655 -0.203968 0.00704263 0.832197 -0.0069706
-0.00758429 0.239227 -0.204466 0.0070577 0.834197 -0.00698552
-0.0076006 0.239799 -0.204964 0.00707278 0.836197 -0.00700044
-0.00761691 0.24037 -0.205462 0.00708786 0.838197 -0.00701536
-0.00763322 0.240942 -0.20596 0.00710293 0.840197 -0.00703029
-0.00764953 0.241514 -0.206457 0.00711801 0.842197 -0.00704521
-0.00766584 0.242085 -0.206955 0.00713308 0.844197 -0.00706013
-0.00768215 0.242657 -0.207453 0.00714816 0.846197 -0.00707505
-0.00769846 0.243229 -0.207951 0.00716324 0.848197 -0.00708997
-0.00771477 0.243801 -0.208449 0.00717831 0.850197 -0.00710489
-0.00773108 0.244372 -0.208947 0.00719339 0.852197 -0.00711981
-0.00774739 0.244944 -0.209445 0.00720846 0.854197 -0.00713473
-0.0077637 0.245516 -0.209943 0.00722354 0.856197 -0.00714965
-0.00778001 0.246088 -0.210441 0.00723861 0.858197 -0.00716457
-0.00779632 0.246659 -0.210939 0.00725369 0.860197 -0.00717949
-0.00781263 0.247231 -0.211437 0.00726877 0.862197 -0.00719441
-0.00782894 0.247803 -0.211935 0.00728384 0.864197 -0.00720934
-0.00784525 0.248374 -0.212433 0.00729892 0.866197 -0.00722426
-0.00786156 0.248946 -0.212931 0.00731399 0.868197 -0.00723918
-0.00787787 0.249518 -0.213429 0.00732907 0.870197 -0.0072541
-0.00789418 0.25009 -0.213926 0.00734415 0.872197 -0.00726902
-0.00791049 0.250661 -0.214424 0.00735922 0.874197 -0.00728394
-0.0079268 0.251233 -0.214922 0.0073743 0.876197 -0.00729886
-0.00794311 0.251805 -0.21542 0.00738937 0.878197 -0.00731378
-0.00795942 0.252377 -0.215918 0.00740445 0.880197 -0.0073287
-0.00797573 0.252948 -0.216416 0.00741952 0.882197 -0.00734362
-0.00799204 0.25352 -0.216914 0.0074346 0.884197 -0.00735854
-0.00800835 0.254092 -0.217412 0.00744968 0.886197 -0.00737347
-0.00802466 0.254663 -0.21791 0.00746475 0.888197 -0.00738839
-0.00804097 0.255235 -0.218408 0.00747983 0.890197 -0.00740331
-0.00805727 0.255807 -0.218906 0.0074949 0.892197 -0.00741823
-0.00807358 0.256379 -0.219404 0.00750998 0.894197 -0.00743315
-0.00808989 0.25695 -0.219902 0.00752506 0.896197 -0.00744807
-0.0081062 0.257522 -0.2204 0.00754013 0.898197 -0.00746299
-0.00812251 0.258094 -0.220898 0.00755521 0.900197 -0.00747791
-0.00813882 0.258665 -0.221395 0.00757028 0.902197 -0.00749283
-0.00815513 0.259237 -0.221893 0.00758536 0.904197 -0.00750775
-0.00817144 0.259809 -0.222391 0.00760044 0.906197 -0.00752267
-0.00818775 0.260381 -0.222889 0.00761551 0.908197 -0.00753759
-0.00820406 0.260952 -0.223387 0.00763059 0.910197 -0.00755252
-0.00822037 0.261524 -0.223885 0.00764566 0.912197 -0.00756744
-0.00823668 0.262096 -0.224383 0.00766074 0.914197 -0.00758236
-0.00825299 0.262668 -0.224881 0.00767581 0.916197 -0.00759728
-0.0082693 0.263239 -0.225379 0.00769089 0.918197 -0.0076122
-0.00828561 0.263811 -0.225877 0.00770597 0.920197 -0.00762712
-0.00830192 0.264383 -0.226375 0.00772104 0.922197 -0.00764204
-0.00831823 0.264954 -0.226873 0.00773612 0.924197 -0.00765696
-0.00833454 0.265526 -0.227371 0.00775119 0.926197 -0.00767188
-0.00835085 0.266098 -0.227869 0.00776627 0.928197 -0.0076868
-0.00836716 0.26667 -0.228367 0.00778135 0.930197 -0.00770172
-0.00838347 0.267241 -0.228864 0.00779642 0.932197 -0.00771665
-0.00839978 0.267813 -0.229362 0.0078115 0.934197 -0.00773157
-0.00841609 0.268385 -0.22986 0.00782657 0.936197 -0.00774649
-0.0084324 0.268956 -0.230358 0.00784165 0.938197 -0.00776141
-0.00844871 0.269528 -0.230856 0.00785672 0.940197 -0.00777633
-0.00846502 0.2701 -0.231354 0.0078718 0.942197 -0.00779125
-0.00848133 0.270672 -0.231852 0.00788688 0.944197 -0.00780617
-0.00849764 0.271243 -0.23235 0.00790195 0.946197 -0.00782109
-0.00851395 0.271815 -0.232848 0.00791703 0.948197 -0.00783601
-0.00853026 0.272387 -0.233346 0.0079321 0.950197 -0.00785093
-0.00854656 0.272959 -0.233844 0.00794718 0.952197 -0.00786585
-0.00856287 0.27353 -0.234342 0.00796226 0.954197 -0.00788077
-0.00857918 0.274102 -0.23484 0.00797733 0.956197 -0.0078957
-0.00859549 0.274674 -0.235338 0.00799241 0.958197 -0.00791062
-0.0086118 0.275245 -0.235836 0.00800748 0.960197 -0.00792554
-0.00862811 0.275817 -0.236333 0.00802256 0.962197 -0.00794046
-0.00864442 0.276389 -0.236831 0.00803763 0.964197 -0.00795538
-0.00866073 0.276961 -0.237328 0.00805271 0.966197 -0.0079703
-0.00867704 0.277532 -0.237825 0.00806779 0.968197 -0.00798522
-0.00869335 0.278104 -0.238321 0.00808286 0.970197 -0.00800014
-0.00870966 0.278676 -0.238816 0.00809794 0.972197 -0.00801506
-0.00872597 0.279247 -0.23931 0.00811301 0.974197 -0.00802998
-0.00874228 0.279819 -0.239803 0.00812809 0.976197 -0.0080449
-0.00875859 0.280391 -0.240296 0.00814317 0.978197 -0.00805982
-0.0087749 0.280963 -0.240787 0.00815824 0.980197 -0.00807475
-0.00879121 0.281534 -0.241276 0.00817332 0.982197 -0.00808967
-0.00880752 0.282106 -0.241764 0.00818839 0.984197 -0.00810459
-0.00882383 0.282678 -0.24225 0.00820347 0.986196 -0.00811951
-0.00884014 0.28325 -0.242735 0.00821854 0.988196 -0.00813443
-0.00885645 0.283821 -0.243217 0.00823362 0.990194 -0.00814935
-0.00887276 0.284393 -0.243698 0.0082487 0.99219 -0.00816427
-0.00888907 0.284964 -0.244176 0.00826377 0.994183 -0.00817919
-0.00890538 0.285535 -0.244652 0.00827885 0.996173 -0.00819411
-0.00892169 0.286105 -0.245126 0.00829392 0.998159 -0.00820903
-0.008938 0.286675 -0.245597 0.008309 1.00014 -0.00822395
-0.00895431 0.287243 -0.246065 0.00832408 1.00212 -0.00823888
-0.00897062 0.28781 -0.246531 0.00833915 1.00409 -0.0082538
-0.00898693 0.288376 -0.246994 0.00835423 1.00605 -0.00826872
-0.00900324 0.28894 -0.247453 0.0083693 1.00801 -0.00828364
-0.00901955 0.289503 -0.247909 0.00838438 1.00996 -0.00829856
-0.00903586 0.290063 -0.248362 0.00839945 1.0119 -0.00831348
-0.00905216 0.290621 -0.248812 0.00841453 1.01383 -0.0083284
-0.00906847 0.291177 -0.249258 0.00842961 1.01576 -0.00834332
-0.00908478 0.29173 -0.2497 0.00844468 1.01767 -0.00835824
-0.00910109 0.292281 -0.250139 0.00845976 1.01957 -0.00837316
-0.0091174 0.292828 -0.250573 0.00847483 1.02146 -0.00838808
-0.00913371 0.293372 -0.251004 0.00848991 1.02334 -0.008403
-0.00915002 0.293913 -0.25143 0.00850499 1.0252 -0.00841793
-0.00916633 0.294451 -0.251852 0.00852006 1.02705 -0.00843285
-0.00918264 0.294985 -0.252269 0.00853514 1.02889 -0.00844777
-0.00919895 0.295515 -0.252682 0.00855021 1.03071 -0.00846269
-0.00921526 0.29604 -0.25309 0.00856529 1.03252 -0.00847761
-0.00923157 0.296562 -0.253493 0.00858036 1.03431 -0.00849253
-0.00924788 0.297079 -0.253891 0.00859544 1.03609 -0.00850745
-0.00926419 0.297591 -0.254284 0.00861052 1.03784 -0.00852237
-0.0092805 0.298098 -0.254672 0.00862559 1.03958 -0.00853729
-0.00929681 0.298601 -0.255054 0.00864067 1.0413 -0.00855221
-0.00931312 0.299098 -0.255431 0.00865574 1.043 -0.00856713
-0.00932943 0.299589 -0.255802 0.00867082 1.04468 -0.00858206
-0.00934574 0.300075 -0.256168 0.0086859 1.04635 -0.00859698
-0.00936205 0.300556 -0.256527 0.00870097 1.04799 -0.0086119
-0.00937836 0.30103 -0.256881 0.00871605 1.0496 -0.00862682
-0.00939467 0.301498 -0.257228 0.00873112 1.0512 -0.00864174
-0.00941098 0.301959 -0.257569 0.0087462 1.05277 -0.00865666
-0.00942729 0.302414 -0.257904 0.00876128 1.05432 -0.00867158
-0.0094436 0.302862 -0.258233 0.00877635 1.05584 -0.0086865
-0.00945991 0.303303 -0.258554 0.00879143 1.05734 -0.00870142
-0.00947622 0.303737 -0.258869 0.0088065 1.05882 -0.00871634
-0.00949253 0.304164 -0.259177 0.00882158 1.06027 -0.00873126
-0.00950884 0.304583 -0.259478 0.00883665 1.06169 -0.00874618
-0.00952515 0.304994 -0.259771 0.00885173 1.06308 -0.00876111
-0.00954145 0.305397 -0.260058 0.00886681 1.06444 -0.00877603
-0.00955776 0.305792 -0.260337 0.00888188 1.06578 -0.00879095
-0.00957407 0.306179 -0.260608 0.00889696 1.06709 -0.00880587
-0.00959038 0.306558 -0.260872 0.00891203 1.06836 -0.00882079
-0.00960669 0.306927 -0.261128 0.00892711 1.06961 -0.00883571
-0.009623 0.307288 -0.261376 0.00894219 1.07082 -0.00885063
-0.00963931 0.307639 -0.261616 0.00895726 1.07201 -0.00886555
-0.00965562 0.307982 -0.261849 0.00897234 1.07316 -0.00888047
-0.00967193 0.308315 -0.262073 0.00898741 1.07427 -0.00889539
-0.00968824 0.308638 -0.26229 0.00900249 1.07535 -0.00891031
-0.00970455 0.308951 -0.2625 0.00901756 1.0764 -0.00892523
-0.00972086 0.309254 -0.262703 0.00903264 1.07741 -0.00894016
-0.00973717 0.309547 -0.262898 0.00904772 1.07839 -0.00895508
-0.00975348 0.30983 -0.263087 0.00906279 1.07933 -0.00897
-0.00976979 0.310102 -0.263268 0.00907787 1.08024 -0.00898492
-0.0097861 0.310364 -0.263443 0.00909294 1.08111 -0.00899984
-0.00980241 0.310616 -0.263611 0.00910802 1.08195 -0.00901476
-0.00981872 0.310859 -0.263773 0.0091231 1.08276 -0.00902968
-0.00983503 0.311092 -0.263928 0.00913817 1.08354 -0.0090446
-0.00985134 0.311315 -0.264077 0.00915325 1.08428 -0.00905952
-0.00986765 0.31153 -0.26422 0.00916832 1.085 -0.00907444
-0.00988396 0.311735 -0.264357 0.0091834 1.08568 -0.00908936
-0.00990027 0.311932 -0.264488 0.00919847 1.08634 -0.00910429
-0.00991658 0.31212 -0.264613 0.00921355 1.08697 -0.00911921
-0.00993289 0.312299 -0.264733 0.00922863 1.08756 -0.00913413
-0.0099492 0.312471 -0.264847 0.0092437 1.08814 -0.00914905
-0.00996551 0.312634 -0.264956 0.00925878 1.08868 -0.00916397
-0.00998182 0.31279 -0.26506 0.00927385 1.0892 -0.00917889
-0.00999813 0.312938 -0.265158 0.00928893 1.08969 -0.00919381
-0.0100144 0.313078 -0.265252 0.00930401 1.09016 -0.00920873
-0.0100307 0.313211 -0.265341 0.00931908 1.0906 -0.00922365
-0.0100471 0.313337 -0.265425 0.00933416 1.09102 -0.00923857
-0.0100634 0.313457 -0.265505 0.00934923 1.09142 -0.00925349
-0.0100797 0.313569 -0.26558 0.00936431 1.0918 -0.00926841
-0.010096 0.313676 -0.26565 0.00937938 1.09215 -0.00928334
-0.0101123 0.313775 -0.265717 0.00939446 1.09248 -0.00929826
-0.0101286 0.313869 -0.26578 0.00940954 1.0928 -0.00931318
-0.0101449 0.313957 -0.265838 0.00942461 1.09309 -0.0093281
-0.0101612 0.314039 -0.265893 0.00943969 1.09336 -0.00934302
-0.0101775 0.314116 -0.265944 0.00945476 1.09362 -0.00935794
-0.0101938 0.314187 -0.265991 0.00946984 1.09386 -0.00937286
-0.0102102 0.314253 -0.266036 0.00948492 1.09408 -0.00938778
-0.0102265 0.314315 -0.266076 0.00949999 1.09428 -0.0094027
-0.0102428 0.314371 -0.266114 0.00951507 1.09447 -0.00941762
-0.0102591 0.314423 -0.266149 0.00953014 1.09464 -0.00943254
-0.0102754 0.314471 -0.26618 0.00954522 1.0948 -0.00944747
-0.0102917 0.314514 -0.266209 0.00956029 1.09495 -0.00946239
-0.010308 0.314553 -0.266236 0.00957537 1.09508 -0.00947731
-0.0103243 0.314589 -0.266259 0.00959045 1.0952 -0.00949223
-0.0103406 0.314621 -0.266281 0.00960552 1.0953 -0.00950715
-0.0103569 0.31465 -0.2663 0.0096206 1.0954 -0.00952207
-0.0103732 0.314675 -0.266317 0.00963567 1.09548 -0.00953699
-0.0103895 0.314697 -0.266331 0.00965075 1.09556 -0.00955191
-0.0104054 0.314717 -0.266345 0.00966583 1.09562 -0.00956683
-0.0104208 0.314734 -0.266356 0.0096809 1.09568 -0.00958175
-0.0104353 0.314748 -0.266365 0.00969598 1.09573 -0.00959667
-0.0104488 0.31476 -0.266373 0.00971105 1.09577 -0.00961159
-0.0104609 0.31477 -0.26638 0.00972613 1.0958 -0.00962652
-0.0104714 0.314779 -0.266386 0.00974111 1.09583 -0.00964136
-0.0104801 0.314785 -0.26639 0.00975549 1.09585 -0.00965562
-0.0104869 0.31479 -0.266393 0.00976861 1.09587 -0.00966867
-0.0104919 0.314794 -0.266396 0.00977984 1.09588 -0.00967985
-0.0104954 0.314797 -0.266398 0.00978854 1.09589 -0.00968854
-0.0104977 0.314798 -0.266399 0.00979436 1.09589 -0.00969436
-0.0104991 0.314799 -0.2664 0.00979777 1.0959 -0.00969777
-0.0104998 0.3148 -0.2664 0.00979942 1.0959 -0.00969942
-0.0105 0.3148 -0.2664 0.00979995 1.0959 -0.00969995