-0.0110836 0.314755 -0.266544 0.0152546 1.09588 -0.0102204
-0.0110836 0.314755 -0.266544 0.0152546 1.09588 -0.0102204
-0.0105437 0.314949 -0.267782 0.00980989 1.10098 -0.00975518
-0.0105437 0.314949 -0.267782 0.00980989 1.10098 -0.00975518
-0.010545 0.314588 -0.269247 0.0098056 1.10208 -0.0097442
-0.010545 0.314588 -0.269247 0.0098056 1.10208 -0.0097442
-0.0105465 0.315364 -0.270389 0.00972972 1.1112 -0.00970818
-0.0105465 0.315364 -0.270389 0.00972972 1.1112 -0.00970818
-0.0105514 0.315029 -0.27183 0.00972916 1.11231 -0.00970077
-0.0105514 0.315029 -0.27183 0.00972916 1.11231 -0.00970077
-0.0105516 0.315837 -0.272934 0.00964293 1.12142 -0.00964571
-0.0105516 0.315837 -0.272934 0.00964293 1.12142 -0.00964571
-0.0105564 0.315527 -0.27435 0.00964238 1.12252 -0.00963831
-0.0105564 0.315527 -0.27435 0.00964238 1.12252 -0.00963831
-0.0105564 0.316371 -0.27541 0.0095573 1.13162 -0.00958462
-0.0105564 0.316371 -0.27541 0.0095573 1.13162 -0.00958462
-0.0105611 0.31609 -0.276795 0.00955675 1.13273 -0.00957723
-0.0105611 0.31609 -0.276795 0.00955675 1.13273 -0.00957723
-0.0105608 0.316975 -0.277806 0.00947263 1.14182 -0.00952475
-0.0105608 0.316975 -0.277806 0.00947263 1.14182 -0.00952475
-0.0105653 0.316727 -0.279156 0.00947205 1.14292 -0.00951734
-0.0105638 0.317484 -0.279538 0.00940992 1.14946 -0.00948087
-0.0105638 0.317484 -0.279538 0.00940992 1.14946 -0.00948087
-0.0105682 0.317258 -0.280863 0.00940935 1.15056 -0.00947348
-0.0105666 0.318035 -0.28122 0.00934744 1.15709 -0.00943734
-0.0105666 0.318035 -0.28122 0.00934744 1.15709 -0.00943734
-0.0105707 0.31784 -0.282511 0.00934682 1.15819 -0.00942992
-0.010569 0.318637 -0.282842 0.0092854 1.16471 -0.00939441
-0.010569 0.318637 -0.282842 0.0092854 1.16471 -0.00939441
-0.0105729 0.318475 -0.284095 0.0092847 1.1658 -0.00938695
-0.010571 0.319294 -0.284398 0.00922375 1.17232 -0.00935206
-0.010571 0.319294 -0.284398 0.00922375 1.17232 -0.00935206
-0.0105748 0.319167 -0.285611 0.00922297 1.17341 -0.00934454
-0.0105728 0.320009 -0.285883 0.00916246 1.17992 -0.00931025
-0.0105728 0.320009 -0.285883 0.00916246 1.17992 -0.00931025
-0.0105763 0.319919 -0.287054 0.00916158 1.181 -0.00930268
-0.0105741 0.320786 -0.287294 0.0091015 1.18751 -0.00926898
-0.0105741 0.320786 -0.287294 0.0091015 1.18751 -0.00926898
-0.0105774 0.320736 -0.288418 0.00910051 1.18858 -0.00926133
-0.010575 0.321628 -0.288625 0.00904084 1.19508 -0.0092282
-0.010575 0.321628 -0.288625 0.00904084 1.19508 -0.0092282
-0.010578 0.321621 -0.289699 0.00903972 1.19615 -0.00922048
-0.0105754 0.322539 -0.289872 0.00898045 1.20263 -0.00918791
-0.0105754 0.322539 -0.289872 0.00898045 1.20263 -0.00918791
-0.0105781 0.322577 -0.290893 0.00897919 1.20369 -0.00918009
-0.0105754 0.323523 -0.291029 0.0089203 1.21017 -0.00914807
-0.0105754 0.323523 -0.291029 0.0089203 1.21017 -0.00914807
-0.0105778 0.323607 -0.291994 0.00891889 1.21122 -0.00914016
-0.0105749 0.324582 -0.292093 0.00886035 1.21769 -0.00910867
-0.0105749 0.324582 -0.292093 0.00886035 1.21769 -0.00910867
-0.010577 0.324716 -0.292998 0.00885878 1.21873 -0.00910066
-0.0105739 0.32572 -0.293057 0.0088006 1.2252 -0.00906969
-0.0105739 0.32572 -0.293057 0.0088006 1.2252 -0.00906969
-0.0105756 0.325907 -0.2939 0.00879884 1.22622 -0.00906156
-0.0105723 0.326942 -0.293918 0.00874099 1.23268 -0.0090311
-0.0105723 0.326942 -0.293918 0.00874099 1.23268 -0.0090311
-0.0105736 0.327182 -0.294695 0.00873905 1.23369 -0.00902285
-0.0105701 0.328249 -0.294671 0.00868152 1.24013 -0.0089929
-0.0105701 0.328249 -0.294671 0.00868152 1.24013 -0.0089929
-0.0105711 0.328546 -0.295379 0.00867937 1.24114 -0.00898452
-0.0105673 0.329647 -0.29531 0.00862214 1.24757 -0.00895504
-0.0105673 0.329647 -0.29531 0.00862214 1.24757 -0.00895504
-0.0105679 0.330002 -0.295945 0.00861978 1.24856 -0.00894653
-0.0105639 0.331137 -0.295831 0.00856284 1.25498 -0.00891753
-0.0105639 0.331137 -0.295831 0.00856284 1.25498 -0.00891753
-0.0105641 0.331554 -0.296391 0.00856025 1.25595 -0.00890887
-0.0105599 0.332723 -0.296228 0.00850359 1.26236 -0.00888034
-0.0105599 0.332723 -0.296228 0.00850359 1.26236 -0.00888034
-0.0105596 0.333204 -0.29671 0.00850076 1.26332 -0.00887153
-0.0105551 0.33441 -0.296498 0.00844437 1.26971 -0.00884345
-0.0105551 0.33441 -0.296498 0.00844437 1.26971 -0.00884345
-0.0105544 0.334956 -0.296898 0.00844129 1.27066 -0.00883449
-0.0105497 0.336199 -0.296635 0.00838514 1.27704 -0.00880685
-0.0105497 0.336199 -0.296635 0.00838514 1.27704 -0.00880685
-0.0105485 0.336813 -0.29695 0.00838181 1.27797 -0.00879773
-0.0105435 0.338094 -0.296635 0.00832591 1.28433 -0.00877053
-0.0105435 0.338094 -0.296635 0.00832591 1.28433 -0.00877053
-0.010539 0.339415 -0.29656 0.00828646 1.28917 -0.00874656
-0.010539 0.339415 -0.29656 0.00828646 1.28917 -0.00874656
-0.0105342 0.34078 -0.296428 0.00824697 1.29401 -0.00872263
-0.0105342 0.34078 -0.296428 0.00824697 1.29401 -0.00872263
-0.0105291 0.342189 -0.296238 0.00820747 1.29882 -0.00869882
-0.0105291 0.342189 -0.296238 0.00820747 1.29882 -0.00869882
-0.0105237 0.343639 -0.295993 0.00816799 1.30363 -0.00867515
-0.0105237 0.343639 -0.295993 0.00816799 1.30363 -0.00867515
-0.010518 0.345131 -0.295694 0.00812852 1.30842 -0.00865162
-0.010518 0.345131 -0.295694 0.00812852 1.30842 -0.00865162
-0.0105121 0.346663 -0.295342 0.00808908 1.3132 -0.00862823
-0.0105121 0.346663 -0.295342 0.00808908 1.3132 -0.00862823
-0.0105059 0.348234 -0.294938 0.00804965 1.31796 -0.00860497
-0.0105059 0.348234 -0.294938 0.00804965 1.31796 -0.00860497
-0.0104994 0.349842 -0.294484 0.00801026 1.32272 -0.00858187
-0.0104994 0.349842 -0.294484 0.00801026 1.32272 -0.00858187
-0.0104928 0.351487 -0.293981 0.0079709 1.32746 -0.00855891
-0.0104928 0.351487 -0.293981 0.0079709 1.32746 -0.00855891
-0.0104858 0.353167 -0.29343 0.00793157 1.33219 -0.0085361
-0.0104858 0.353167 -0.29343 0.00793157 1.33219 -0.0085361
-0.0104787 0.354882 -0.292833 0.00789229 1.3369 -0.00851345
-0.0104787 0.354882 -0.292833 0.00789229 1.3369 -0.00851345
-0.0104713 0.356629 -0.292191 0.00785306 1.34161 -0.00849096
-0.0104713 0.356629 -0.292191 0.00785306 1.34161 -0.00849096
-0.0104637 0.358409 -0.291505 0.00781387 1.3463 -0.00846862
-0.0104637 0.358409 -0.291505 0.00781387 1.3463 -0.00846862
-0.0104559 0.360219 -0.290777 0.00777474 1.35098 -0.00844645
-0.0104559 0.360219 -0.290777 0.00777474 1.35098 -0.00844645
-0.010448 0.362059 -0.290007 0.00773567 1.35565 -0.00842444
-0.0104439 0.362992 -0.289602 0.00771623 1.35797 -0.0084136
-0.0104398 0.363929 -0.289193 0.00769673 1.3603 -0.0084027
-0.0104357 0.364874 -0.288773 0.00767725 1.36263 -0.00839185
-0.0104315 0.365825 -0.288345 0.00765779 1.36495 -0.00838103
-0.0104272 0.366783 -0.287907 0.00763834 1.36727 -0.00837026
-0.010423 0.367748 -0.287459 0.00761892 1.36958 -0.00835954
-0.0104187 0.368718 -0.287003 0.00759951 1.3719 -0.00834886
-0.0104143 0.369695 -0.286538 0.00758012 1.37421 -0.00833822
-0.0104099 0.370678 -0.286065 0.00756076 1.37652 -0.00832763
-0.0104055 0.371667 -0.285583 0.00754141 1.37882 -0.00831708
-0.0104011 0.372662 -0.285092 0.00752208 1.38113 -0.00830658
-0.0103966 0.373662 -0.284594 0.00750278 1.38343 -0.00829612
-0.0103921 0.374667 -0.284087 0.00748349 1.38573 -0.00828571
-0.0103875 0.375678 -0.283573 0.00746423 1.38802 -0.00827534
-0.0103829 0.376694 -0.283051 0.00744499 1.39032 -0.00826502
-0.0103783 0.377716 -0.282522 0.00742578 1.39261 -0.00825475
-0.0103737 0.378742 -0.281985 0.00740659 1.3949 -0.00824453
-0.010369 0.379773 -0.281441 0.00738742 1.39718 -0.00823435
-0.0103643 0.380808 -0.280891 0.00736828 1.39947 -0.00822422
-0.0103596 0.381848 -0.280333 0.00734916 1.40175 -0.00821414
-0.0103548 0.382893 -0.279769 0.00733006 1.40403 -0.0082041
-0.01035 0.383941 -0.279198 0.007311 1.40631 -0.00819412
-0.0103452 0.384994 -0.278621 0.00729196 1.40858 -0.00818418
-0.0103404 0.386051 -0.278038 0.00727294 1.41085 -0.00817429
-0.0103356 0.387111 -0.277449 0.00725395 1.41313 -0.00816445
-0.0103307 0.388176 -0.276855 0.00723499 1.41539 -0.00815466
-0.0103258 0.389243 -0.276254 0.00721606 1.41766 -0.00814492
-0.0103209 0.390315 -0.275649 0.00719716 1.41993 -0.00813523
-0.010316 0.391389 -0.275038 0.00717829 1.42219 -0.00812559
-0.0103111 0.392467 -0.274421 0.00715944 1.42445 -0.00811601
-0.0103061 0.393547 -0.2738 0.00714062 1.42671 -0.00810647
-0.0103012 0.394631 -0.273175 0.00712184 1.42897 -0.00809698
-0.0102962 0.395717 -0.272544 0.00710308 1.43122 -0.00808754
-0.0102912 0.396806 -0.271909 0.00708436 1.43347 -0.00807816
-0.0102862 0.397897 -0.271271 0.00706566 1.43573 -0.00806883
-0.0102812 0.398991 -0.270627 0.007047 1.43798 -0.00805955
-0.0102762 0.400086 -0.269981 0.00702837 1.44022 -0.00805032
-0.0102712 0.401184 -0.26933 0.00700978 1.44247 -0.00804114
-0.0102662 0.402284 -0.268676 0.00699121 1.44472 -0.00803202
-0.0102611 0.403386 -0.268018 0.00697268 1.44696 -0.00802295
-0.0102561 0.404489 -0.267358 0.00695418 1.4492 -0.00801393
-0.010251 0.405594 -0.266694 0.00693572 1.45144 -0.00800496
-0.010246 0.4067 -0.266027 0.00691729 1.45368 -0.00799605
-0.0102409 0.407807 -0.265358 0.00689889 1.45592 -0.00798719
-0.0102359 0.408916 -0.264686 0.00688053 1.45815 -0.00797839
-0.0102308 0.410025 -0.264013 0.0068622 1.46039 -0.00796964
-0.0102258 0.411135 -0.263336 0.00684391 1.46262 -0.00796094
-0.0102207 0.412246 -0.262658 0.00682566 1.46485 -0.0079523
-0.0102157 0.413358 -0.261979 0.00680744 1.46709 -0.00794371
-0.0102106 0.41447 -0.261297 0.00678926 1.46932 -0.00793518
-0.0102056 0.415583 -0.260614 0.00677111 1.47154 -0.0079267
-0.0102006 0.416695 -0.25993 0.006753 1.47377 -0.00791828
-0.0101955 0.417808 -0.259245 0.00673493 1.476 -0.00790992
-0.0101905 0.41892 -0.25856 0.0067169 1.47823 -0.0079016
-0.0101855 0.420033 -0.257873 0.00669891 1.48045 -0.00789335
-0.0101805 0.421145 -0.257186 0.00668095 1.48267 -0.00788515
-0.0101755 0.422256 -0.256498 0.00666304 1.4849 -0.00787701
-0.0101705 0.423367 -0.255811 0.00664516 1.48712 -0.00786892
-0.0101655 0.424477 -0.255123 0.00662732 1.48934 -0.00786089
-0.0101605 0.425587 -0.254436 0.00660952 1.49156 -0.00785291
-0.0101556 0.426695 -0.253749 0.00659176 1.49379 -0.007845
-0.0101506 0.427802 -0.253063 0.00657405 1.49601 -0.00783713
-0.0101457 0.428908 -0.252377 0.00655637 1.49823 -0.00782933
-0.0101408 0.430013 -0.251692 0.00653873 1.50044 -0.00782158
-0.0101359 0.431116 -0.251009 0.00652114 1.50266 -0.0078139
-0.010131 0.432217 -0.250327 0.00650358 1.50488 -0.00780626
-0.0101262 0.433316 -0.249646 0.00648607 1.5071 -0.00779869
-0.0101213 0.434414 -0.248967 0.0064686 1.50932 -0.00779117
-0.0101165 0.43551 -0.24829 0.00645117 1.51154 -0.00778372
-0.0101117 0.436603 -0.247615 0.00643379 1.51375 -0.00777632
-0.0101069 0.437694 -0.246942 0.00641644 1.51597 -0.00776897
-0.0101022 0.438783 -0.246272 0.00639914 1.51819 -0.00776169
-0.0100975 0.439869 -0.245604 0.00638189 1.52041 -0.00775447
-0.0100928 0.440952 -0.244939 0.00636468 1.52262 -0.0077473
-0.0100881 0.442033 -0.244277 0.00634751 1.52484 -0.00774019
-0.0100834 0.44311 -0.243619 0.00633038 1.52706 -0.00773315
-0.0100788 0.444185 -0.242963 0.0063133 1.52928 -0.00772616
-0.0100742 0.445256 -0.242311 0.00629627 1.5315 -0.00771923
-0.0100696 0.446324 -0.241663 0.00627928 1.53372 -0.00771236
-0.0100651 0.447388 -0.241019 0.00626233 1.53594 -0.00770555
-0.0100606 0.448449 -0.240379 0.00624543 1.53816 -0.0076988
-0.0100561 0.449506 -0.239744 0.00622858 1.54038 -0.00769211
-0.0100516 0.450559 -0.239112 0.00621177 1.5426 -0.00768548
-0.0100472 0.451608 -0.238486 0.00619501 1.54482 -0.00767891
-0.0100428 0.452653 -0.237864 0.00617829 1.54704 -0.0076724
-0.0100385 0.453694 -0.237248 0.00616162 1.54927 -0.00766595
-0.0100341 0.45473 -0.236637 0.006145 1.55149 -0.00765956
-0.0100299 0.455762 -0.236031 0.00612843 1.55372 -0.00765324
-0.0100256 0.45679 -0.235431 0.0061119 1.55594 -0.00764697
-0.0100214 0.457812 -0.234837 0.00609542 1.55817 -0.00764077
-0.0100172 0.45883 -0.234248 0.00607899 1.5604 -0.00763462
-0.0100131 0.459842 -0.233666 0.0060626 1.56263 -0.00762854
-0.010009 0.46085 -0.233091 0.00604626 1.56486 -0.00762252
-0.010005 0.461852 -0.232522 0.00602998 1.56709 -0.00761656
-0.010001 0.462848 -0.23196 0.00601374 1.56933 -0.00761066
-0.00999698 0.46384 -0.231405 0.00599755 1.57156 -0.00760483
-0.00999306 0.464825 -0.230857 0.00598141 1.5738 -0.00759906
-0.00998917 0.465805 -0.230316 0.00596531 1.57604 -0.00759335
-0.00998534 0.466779 -0.229783 0.00594927 1.57828 -0.0075877
-0.00998154 0.467746 -0.229258 0.00593328 1.58052 -0.00758211
-0.00997779 0.468708 -0.228741 0.00591734 1.58276 -0.00757659
-0.00997409 0.469663 -0.228232 0.00590144 1.58501 -0.00757113
-0.00997044 0.470612 -0.227732 0.0058856 1.58726 -0.00756574
-0.00996683 0.471554 -0.22724 0.00586981 1.58951 -0.0075604
-0.00996328 0.47249 -0.226756 0.00585407 1.59176 -0.00755513
-0.00995977 0.473419 -0.226282 0.00583838 1.59401 -0.00754993
-0.00995632 0.474341 -0.225817 0.00582274 1.59627 -0.00754479
-0.00995291 0.475255 -0.225361 0.00580715 1.59853 -0.00753971
-0.00994956 0.476163 -0.224915 0.00579161 1.60079 -0.0075347
-0.00994626 0.477063 -0.224478 0.00577613 1.60305 -0.00752975
-0.00994301 0.477956 -0.224052 0.0057607 1.60532 -0.00752486
-0.00993982 0.478841 -0.223635 0.00574532 1.60759 -0.00752005
-0.00993668 0.479719 -0.223229 0.00572999 1.60986 -0.00751529
-0.0099336 0.480589 -0.222834 0.00571471 1.61213 -0.0075106
-0.00993058 0.481451 -0.222448 0.00569949 1.61441 -0.00750598
-0.00992761 0.482306 -0.222074 0.00568431 1.61669 -0.00750142
-0.00992469 0.483153 -0.221709 0.00566919 1.61897 -0.00749692
-0.00992182 0.483992 -0.221354 0.00565412 1.62125 -0.00749249
-0.00991901 0.484825 -0.221009 0.00563909 1.62354 -0.00748812
-0.00991625 0.48565 -0.220674 0.00562412 1.62583 -0.00748382
-0.00991353 0.486468 -0.220348 0.00560919 1.62812 -0.00747957
-0.00991087 0.48728 -0.220031 0.0055943 1.63041 -0.00747539
-0.00990825 0.488084 -0.219723 0.00557946 1.63271 -0.00747127
-0.00990569 0.488883 -0.219424 0.00556466 1.63501 -0.00746721
-0.00990316 0.489675 -0.219134 0.00554991 1.63731 -0.00746321
-0.00990068 0.49046 -0.218852 0.0055352 1.63961 -0.00745927
-0.00989825 0.491239 -0.218579 0.00552053 1.64192 -0.00745538
-0.00989586 0.492013 -0.218314 0.0055059 1.64423 -0.00745156
-0.00989351 0.49278 -0.218057 0.00549131 1.64654 -0.0074478
-0.0098912 0.493542 -0.217807 0.00547677 1.64885 -0.0074441
-0.00988894 0.494298 -0.217566 0.00546225 1.65116 -0.00744045
-0.00988671 0.495048 -0.217331 0.00544778 1.65348 -0.00743686
-0.00988452 0.495793 -0.217104 0.00543334 1.65579 -0.00743333
-0.00988237 0.496533 -0.216884 0.00541894 1.65811 -0.00742985
-0.00988026 0.497268 -0.216671 0.00540457 1.66043 -0.00742643
-0.00987818 0.497998 -0.216465 0.00539024 1.66276 -0.00742307
-0.00987614 0.498723 -0.216265 0.00537594 1.66508 -0.00741976
-0.00987413 0.499443 -0.216072 0.00536167 1.66741 -0.00741651
-0.00987216 0.500158 -0.215885 0.00534744 1.66974 -0.00741331
-0.00987021 0.500869 -0.215704 0.00533323 1.67207 -0.00741016
-0.0098683 0.501576 -0.215528 0.00531906 1.6744 -0.00740707
-0.00986642 0.502279 -0.215358 0.00530491 1.67673 -0.00740404
-0.00986457 0.502977 -0.215194 0.00529079 1.67906 -0.00740105
-0.00986275 0.503672 -0.215035 0.0052767 1.6814 -0.00739812
-0.00986096 0.504362 -0.214881 0.00526264 1.68373 -0.00739525
-0.00985919 0.505049 -0.214732 0.0052486 1.68607 -0.00739242
-0.00985745 0.505733 -0.214587 0.00523459 1.68841 -0.00738965
-0.00985573 0.506413 -0.214448 0.0052206 1.69075 -0.00738692
-0.00985404 0.507089 -0.214312 0.00520664 1.69309 -0.00738425
-0.00985238 0.507763 -0.214181 0.0051927 1.69543 -0.00738163
-0.00985073 0.508433 -0.214053 0.00517878 1.69777 -0.00737906
-0.00984911 0.509101 -0.21393 0.00516489 1.70012 -0.00737654
-0.00984751 0.509766 -0.21381 0.00515101 1.70246 -0.00737406
-0.00984593 0.510428 -0.213693 0.00513716 1.7048 -0.00737164
-0.00984436 0.511087 -0.21358 0.00512332 1.70715 -0.00736927
-0.00984282 0.511744 -0.21347 0.0051095 1.7095 -0.00736694
-0.00984129 0.512399 -0.213363 0.0050957 1.71184 -0.00736466
-0.00983978 0.513052 -0.213258 0.00508192 1.71419 -0.00736244
-0.00983829 0.513702 -0.213156 0.00506815 1.71654 -0.00736025
-0.00983681 0.514351 -0.213056 0.0050544 1.71889 -0.00735812
-0.00983534 0.514998 -0.212958 0.00504066 1.72124 -0.00735603
-0.00983389 0.515643 -0.212862 0.00502694 1.72358 -0.00735399
-0.00983245 0.516287 -0.212768 0.00501323 1.72593 -0.00735199
-0.00983102 0.516929 -0.212676 0.00499953 1.72828 -0.00735004
-0.00982961 0.51757 -0.212585 0.00498584 1.73063 -0.00734814
-0.0098282 0.51821 -0.212495 0.00497217 1.73298 -0.00734628
-0.0098268 0.518849 -0.212406 0.0049585 1.73533 -0.00734446
-0.00982541 0.519487 -0.212318 0.00494485 1.73768 -0.00734269
-0.00982403 0.520124 -0.212231 0.0049312 1.74003 -0.00734096
-0.00982265 0.520761 -0.212144 0.00491757 1.74238 -0.00733928
-0.00982128 0.521397 -0.212058 0.00490393 1.74473 -0.00733764
-0.00981991 0.522033 -0.211971 0.00489031 1.74708 -0.00733604
-0.00981855 0.522668 -0.211884 0.00487669 1.74942 -0.00733449
-0.00981719 0.523303 -0.211798 0.00486308 1.75177 -0.00733298
-0.00981583 0.523938 -0.21171 0.00484947 1.75412 -0.00733151
-0.00981447 0.524574 -0.211622 0.00483587 1.75647 -0.00733008
-0.00981311 0.525209 -0.211533 0.00482227 1.75881 -0.00732869
-0.00981176 0.525845 -0.211443 0.00480867 1.76116 -0.00732735
-0.0098104 0.526481 -0.211352 0.00479507 1.7635 -0.00732604
-0.00980904 0.527118 -0.21126 0.00478148 1.76585 -0.00732478
-0.00980768 0.527756 -0.211166 0.00476788 1.76819 -0.00732355
-0.00980631 0.528394 -0.21107 0.00475429 1.77053 -0.00732237
-0.00980494 0.529033 -0.210972 0.00474069 1.77287 -0.00732122
-0.00980356 0.529674 -0.210872 0.00472709 1.77521 -0.00732011
-0.00980218 0.530316 -0.21077 0.00471349 1.77755 -0.00731904
-0.00980079 0.530959 -0.210665 0.00469989 1.77989 -0.00731801