-0.01041955479923 0.3265618286369978 -0.2374861986271321 0.01019813231666108 1.046649765815957 -0.01005934862078758
-0.01037989454991803 0.3307072931027348 -0.2275959643666695 0.0103170711152731 1.030221587548886 -0.01015235106475464
-0.01034020264893981 0.3349496880692343 -0.2175944199307696 0.01043961256677278 1.013779039646901 -0.0102494961048275
-0.01030048540552138 0.3392893887614847 -0.2074804882394309 0.01056596157831886 0.9973214212934277 -0.01035097802940949
-0.01026074821888589 0.3437267933236999 -0.1972530377281044 0.01069634323616097 0.9808480002124992 -0.0104570131445385
-0.01022099641718714 0.3482623248199294 -0.1869108793465594 0.01083099866963791 0.9643580116262978 -0.01056783419555368
-0.01018123526422991 0.3528964332168736 -0.1764527634942479 0.01097018650024393 0.9478506571786293 -0.01068369178809493
-0.0101414699582467 0.3576295974613614 -0.1658773767674735 0.01111418453010108 0.9313251037661118 -0.01080485606854236
-0.0101017056306518 0.3624623276613758 -0.1551833385020957 0.01126329162799362 0.9147804822692263 -0.01093161860310283
-0.01006194734487012 0.3673951673802036 -0.1443691970940439 0.01141782983959231 0.8982158861751788 -0.01106429448196164
-0.01002220009524136 0.3724286960542738 -0.1334334260782001 0.01157814675378263 0.8816303700838234 -0.01120322468041421
-0.009982468805999139 0.3775635315463232 -0.1223744199441847 0.0117446181623162 0.8650229480869648 -0.01134877871420545
-0.009942758330323707 0.382800332846752 -0.1111904896654342 0.01191765105630552 0.8483925920104601 -0.01150135763260899
-0.00990307344946815 0.3881398029374035 -0.09987985791540747 0.01209768701061302 0.8317382295073957 -0.01166139740031537
-0.009863418871956716 0.3935826918335018 -0.08844065394205927 0.01228520601621269 0.815058741989439 -0.01182937272822958
-0.009823799232854862 0.3991297998212036 -0.07687090806855222 0.01248073083146836 0.7983529623820769 -0.01200580142415099
-0.009784219093109997 0.40478198091016 -0.065168545784663 0.01268483193640053 0.7816196726879192 -0.01219124934744196
-0.009744682938962388 0.4105401465226499 -0.05333138138935233 0.01289813318993959 0.7648576013404851 -0.01238633606772503
-0.009705195181425463 0.416405269443293 -0.04135711114050272 0.01312131830956548 0.7480654203289598 -0.01259174134705775
-0.009665760155835 0.4223783880561575 -0.02924330586269646 0.01335513831647623 0.7312417420721626 -0.01280821258878582
-0.009626382121466763 0.4284606108992434 -0.01698740295807898 0.01360042011861755 0.714385116017428 -0.01303657342547395
-0.00958706526122244 0.4346531215699034 -0.004586697758825328 0.01385807643996372 0.6974940249372942 -0.01327773365438274
-0.009547813681383778 0.4409571840189008 0.007961665847906359 0.01412911734921425 0.680566880893575 -0.01353270077374626
-0.00950863141143541 0.4473741482754945 0.02066070560020335 0.01441466369696129 0.6636020208347403 -0.01380259342900869
-0.009469522403957022 0.4539054566513538 0.03351361193445689 0.01471596284054549 0.6465977017882449 -0.01408865714835675
-0.009430490534586382 0.4605526504772844 0.04652376005020784 0.01503440712441479 0.6295520956046616 -0.01439228283549849
-0.009391539602055122 0.4673173774339388 0.05969472307894402 0.0153715556963749 0.6124632832048869 -0.01471502860023308
-0.009352673328300469 0.4742013995459298 0.07303028648415877 0.01572916038409919 0.5953292482753719 -0.01505864565135764
-0.009313895358657289 0.4812066019183698 0.08653446383759199 0.01610919654168851 0.5781478703490252 -0.01542510916190552
-0.009275209262136312 0.4883350023060294 0.100211514137111 0.01651390001662351 0.5609169172010234 -0.0158166552572913
-0.009236618531797115 0.4955887616183252 0.1140659608555397 0.01694581170194893 0.5436340364791543 -0.01623582559146852
-0.009198126585226977 0.5029701954785737 0.1281026129377585 0.01740783155310327 0.5262967464771446 -0.01668552139081729
-0.009159736765141353 0.5104817869738825 0.1423265879962713 0.01790328450010312 0.5089024259466428 -0.01716906939681829
-0.009121452340126943 0.5181262007531289 0.1567433379941479 0.01843600142576319 0.491448302828779 -0.01769030287858947
-0.009083276505556832 0.5259062986554505 0.1713586777501217 0.01901041938379029 0.473931441769234 -0.01825366188957462
-0.009045212384717177 0.5338251570813287 0.1861788166550173 0.01963170660508733 0.4563487302613796 -0.01886431831723013
-0.009007263030201693 0.541886086353677 0.2012103940535922 0.02030591974553915 0.4386968632398929 -0.01952833317955935
-0.008969431425651304 0.5500926523587175 0.2164605188235927 0.02104020350123192 0.4209723259223033 -0.02025285629509269
-0.008931720487949338 0.5584487008073046 0.2319368137772664 0.02184304651688721 0.4031713746681799 -0.02104638225281097
-0.008894133070029722 0.5669583845189038 0.2476474656234942 0.02272461299350756 0.3852900155955916 -0.02191908208878744
-0.008856671964526715 0.5756261942051556 0.2636012813658702 0.02369717742867486 0.3673239806632474 -0.02288323810380887
-0.008819339908602113 0.5844569933211026 0.2798077521793461 0.02477570188209902 0.349268700897035 -0.02395382121538669
-0.008782139590452731 0.5934560576641038 0.2962771260134759 0.025978613307923 0.3311192764166125 -0.02514926838638
-0.008745073658263391 0.6026291205385315 0.313020490423701 0.02732886660198152 0.3128704429112985 -0.02649254577887131
-0.008708144732794087 0.6119824244758845 0.3300498674469224 0.02885542352476341 0.2945165342434741 -0.02801262779389285
-0.008671355425489143 0.6215227807142557 0.3473783227308376 0.03059534992463404 0.2760514409579132 -0.02974659442020814
-0.008634708365180739 0.6312576379107807 0.3650200916215017 0.03259685428927943 0.2574685647149891 -0.03174266991643355