-0.01108365822158507 0.3147506981723887 -0.2664486441635467 0.01525542196081153 1.095780194125313 -0.01022213292219601
-0.01044506787042797 0.3249021644188476 -0.2415737048772109 0.0102409758534238 1.053574655416375 -0.01019258547245626
-0.01033315008237448 0.3356855713692973 -0.215960289386431 0.01045295896724986 1.011193891302235 -0.01025757120226302
-0.01023007685578674 0.3471165455314416 -0.1895977783927112 0.01078209552427775 0.9687104500663811 -0.01052392753593368
-0.01012736587977888 0.35920253422289 -0.1624658600982407 0.01114541186579215 0.9261127439248662 -0.01082781587564632
-0.01002466628463592 0.3719520688015083 -0.1345413430590834 0.0115432011548772 0.8833861035038026 -0.01116944625534104
-0.009922042283607881 0.3853752071209006 -0.105797820680986 0.01198120756998163 0.8405142062227823 -0.0115544202583891
-0.009819569030532197 0.3994838237184054 -0.07620519375725113 0.0124666827984066 0.7974788602540014 -0.01198989167352685
-0.00971731711038286 0.4142919531814689 -0.0457290928822754 0.01300863375985854 0.7542597704901972 -0.01248478514118216
-0.009615351040597131 0.4298161950526594 -0.01433018372783278 0.01361838465165175 0.7108342508596921 -0.01305035753925264
-0.009513728010124815 0.4460761973711621 0.01803667627188138 0.01431038244878019 0.667176867655949 -0.01370100395976719
-0.009412496043802652 0.4630952418800429 0.0514234720295256 0.01510336239838142 0.6232589951209594 -0.01445542414563504
-0.009311691164611552 0.4809009619683172 0.08589031264376107 0.0160220750534059 0.5790482581804408 -0.01533835100737055
-0.009211332834332174 0.4995262358630521 0.1215070388959295 0.0170999167994079 0.5345078282115292 -0.01638318334177838
-0.009111416336430804 0.5190103141979899 0.1583552647998184 0.01838306522691192 0.4895955248340791 -0.01763612437479172
-0.009011901334243769 0.5394003217271087 0.1965311729823544 0.01993723206585282 0.444262547888936 -0.01916293956343413
-0.008912680884456767 0.5607529342626922 0.2361483205881865 0.02185911612504708 0.398452391547507 -0.02106041523713916
-0.008813543749543086 0.5831371745057203 0.2773431261997266 0.02429702484342682 0.3520982303021142 -0.02347699245816893
-0.008714071215005881 0.6066376178374189 0.3202804901315079 0.0274901194149633 0.305120648961439 -0.0266520284903011
-0.008613418618566664 0.6313591368214421 0.3651625444305012 0.03184933153208155 0.257423929533254 -0.03099674639751392